geoxygene-sig3d/src/test/resources/mnt.asc
ncols         51
nrows         51
xllcorner     914900.00
yllcorner     6449900.00
cellsize      200.00
NODATA_value  -9999
238 235 238 244 241 235 229 223 218 218 217 216 216 215 215 216 217 216 217 217 217 216 214 213 215 217 217 216 217 217 218 219 220 216 217 219 222 227 233 236 242 236 273 348 422 439 514 535 582 711 689 
218 225 230 233 232 226 220 218 217 217 216 215 214 213 213 214 214 214 216 216 215 215 214 210 213 216 216 216 216 217 218 218 217 218 219 219 224 230 234 244 263 314 406 435 466 522 607 627 695 767 797 
209 215 221 223 225 219 218 216 216 216 215 214 213 211 210 212 214 215 216 217 215 214 213 212 210 214 215 215 216 216 217 217 218 218 219 220 226 227 234 254 319 282 426 460 522 564 624 681 697 744 813 
209 207 215 217 219 218 215 214 214 214 214 213 212 210 209 208 214 215 216 216 215 213 213 212 211 213 214 214 215 216 216 217 218 219 219 218 229 228 240 341 402 293 306 446 491 567 620 620 655 716 825 
209 209 211 216 216 215 213 213 213 213 212 212 209 209 209 209 208 215 214 215 215 213 210 211 212 213 214 214 214 215 216 215 216 217 218 220 220 237 340 417 515 453 300 365 492 564 567 603 659 721 813 
209 209 210 217 217 214 210 209 208 210 210 209 209 209 209 210 208 212 214 214 214 210 212 212 212 214 215 214 215 216 215 215 217 218 219 220 237 328 405 517 554 518 455 322 430 504 552 606 670 785 805 
209 209 212 215 215 213 209 209 209 209 209 209 209 209 209 209 207 214 212 212 213 213 210 211 211 213 215 215 216 216 217 219 219 219 220 249 318 415 505 580 600 544 507 472 359 484 563 654 670 701 699 
209 209 212 214 214 212 209 209 209 209 209 209 209 209 209 209 208 211 215 213 212 212 212 212 211 210 210 213 215 217 219 225 238 238 283 341 415 408 484 560 567 539 550 518 428 449 542 580 586 603 626 
209 209 213 212 212 210 209 209 209 209 209 209 209 209 209 208 209 208 207 211 212 212 212 213 212 212 211 211 215 217 218 234 273 318 370 448 498 494 478 570 589 569 580 521 513 422 470 499 527 572 605 
209 209 208 211 211 209 209 209 209 209 209 209 208 208 208 208 208 209 209 209 209 211 211 212 210 211 211 211 214 230 275 307 361 348 438 496 561 552 547 586 640 616 627 564 577 490 477 490 535 572 599 
209 209 209 209 209 209 209 209 209 209 208 208 208 208 208 207 208 208 209 209 209 213 215 214 214 212 212 216 268 324 372 399 414 438 424 504 544 609 623 634 683 709 662 645 652 527 476 499 502 590 616 
209 209 209 209 209 209 209 208 208 208 208 208 208 207 207 207 207 208 209 209 211 216 217 217 215 217 229 301 369 421 408 442 476 476 484 452 539 602 677 718 739 812 692 758 670 558 521 508 481 509 564 
209 209 209 209 209 209 209 209 208 208 208 208 207 207 207 207 206 208 208 209 215 220 220 219 224 266 335 396 456 478 441 507 517 546 533 529 493 583 664 774 859 801 814 789 662 586 581 533 563 569 549 
212 210 208 209 209 209 209 209 209 209 208 208 208 208 207 207 208 208 211 214 218 226 227 259 324 349 405 483 522 516 490 505 575 620 593 575 519 588 627 721 849 883 881 773 681 649 604 555 590 615 631 
212 212 212 212 209 208 210 211 213 213 211 209 209 209 208 208 209 209 208 216 225 236 301 383 388 420 481 558 577 584 545 554 595 672 663 628 595 589 638 698 822 963 867 786 712 636 601 576 609 607 633 
212 212 212 211 211 212 209 214 214 213 212 209 209 209 209 208 209 220 235 299 271 267 366 422 409 463 561 557 582 578 603 629 657 718 759 723 672 657 736 811 914 966 859 779 708 640 615 601 620 636 664 
213 213 212 212 212 212 211 212 215 214 212 209 209 209 212 227 261 303 372 377 275 258 360 403 442 466 511 515 567 598 668 694 692 746 808 829 790 761 846 923 961 905 822 745 704 670 633 626 639 672 707 
214 214 213 213 213 213 212 210 209 210 209 209 208 211 232 307 342 408 424 385 275 290 371 398 436 475 507 548 603 625 664 669 680 762 737 786 890 913 943 925 853 813 773 740 716 686 649 658 674 707 750 
215 214 214 214 213 213 212 212 213 212 212 211 213 234 284 348 438 428 418 400 296 289 385 419 436 470 519 561 572 630 657 639 686 691 712 774 856 837 833 809 793 752 735 765 744 699 694 706 734 734 785 
215 215 214 214 214 214 213 213 212 213 215 215 217 279 324 408 430 422 446 419 327 267 313 321 342 417 482 516 579 621 633 573 626 646 708 774 741 710 740 741 726 725 769 780 754 739 745 764 792 780 825 
216 215 215 215 215 215 214 213 213 213 214 216 217 276 359 386 421 449 508 467 404 328 287 306 298 424 450 500 572 563 593 503 565 666 728 662 666 649 684 683 719 748 781 795 780 783 803 818 840 843 867 
216 216 216 216 216 215 215 214 214 214 214 215 218 258 328 420 440 483 558 521 456 399 417 396 286 346 365 443 450 470 502 483 585 665 616 591 561 603 647 683 708 738 776 813 811 821 838 849 909 896 898 
217 217 216 216 216 216 216 215 215 215 215 216 220 243 312 426 443 489 539 564 512 470 522 449 342 377 367 320 318 344 361 465 510 537 526 513 582 627 656 664 688 714 760 791 789 789 808 857 904 903 923 
218 217 217 217 217 217 216 216 216 216 216 217 218 264 379 392 440 443 503 517 548 573 536 502 460 542 498 429 408 415 353 367 415 435 480 560 589 633 638 641 665 689 719 750 760 783 810 844 882 905 953 
218 218 218 218 218 217 217 217 217 217 217 218 220 271 395 454 487 501 499 531 568 612 612 601 546 628 623 511 485 485 451 382 365 417 489 530 561 603 609 623 643 670 699 725 752 777 805 834 872 905 961 
219 219 218 218 218 218 218 217 217 218 218 219 222 298 416 484 525 570 567 594 634 690 699 700 662 682 707 606 565 542 535 481 371 387 427 500 483 550 566 608 624 650 677 713 741 768 792 814 837 884 941 
219 219 219 219 219 219 219 218 218 219 219 219 251 328 457 524 599 627 627 629 668 752 823 827 770 731 796 686 653 649 605 538 425 371 368 391 442 468 521 579 603 627 664 699 720 741 760 784 816 864 928 
218 219 219 219 219 219 219 219 219 218 220 239 271 381 483 564 660 694 674 693 708 769 822 869 874 833 866 787 779 736 658 556 480 487 438 374 454 482 547 557 597 620 643 664 680 710 731 765 807 855 940 
223 219 219 219 219 220 219 219 218 230 241 278 317 421 519 595 700 723 710 741 786 777 773 804 836 858 894 926 869 769 677 586 544 510 420 382 456 529 565 576 592 624 657 687 702 715 747 786 831 871 937 
222 223 223 224 224 223 226 220 233 252 279 308 348 439 520 575 631 682 695 779 771 751 729 754 786 808 826 840 836 757 673 595 561 513 425 390 447 535 565 579 595 623 651 684 716 741 753 797 848 897 976 
224 223 224 226 228 228 242 258 277 290 306 346 381 453 522 554 582 608 690 742 707 685 672 701 725 742 764 771 765 696 621 571 568 522 454 394 427 508 559 575 590 627 656 687 715 750 775 809 861 927 989 
225 224 224 226 230 233 234 254 291 305 330 354 403 455 495 525 551 589 664 664 631 628 632 647 669 694 709 687 678 627 603 618 577 538 476 482 419 457 534 554 582 626 662 692 723 753 793 820 862 923 1002 
226 226 226 227 233 239 242 248 249 259 269 306 353 410 478 504 524 550 578 581 571 576 592 615 659 674 637 631 613 617 654 695 585 553 529 509 442 441 490 542 571 611 656 694 729 764 802 836 871 931 1040 
227 227 227 229 229 259 266 262 267 274 295 330 314 354 405 442 481 493 513 525 525 535 555 591 625 619 598 594 597 648 711 713 628 581 553 530 471 432 484 538 551 588 640 683 733 772 811 857 902 972 1066 
228 228 229 227 228 263 326 354 317 303 345 386 360 341 369 414 442 457 476 490 492 507 528 557 574 583 576 587 621 679 716 707 648 585 562 524 475 417 467 481 549 581 624 683 730 777 823 880 943 1027 1101 
229 229 230 238 244 251 306 369 373 366 393 411 389 349 361 397 415 433 454 460 468 492 511 532 541 554 574 603 637 672 674 683 621 574 538 483 415 418 429 476 523 576 623 674 723 789 865 923 992 1063 1109 
233 230 240 243 239 250 266 322 352 365 404 418 395 358 358 387 401 419 433 444 466 486 502 514 530 552 577 602 628 634 659 657 603 561 511 423 413 464 482 503 546 584 624 670 737 795 872 943 1012 1069 1117 
311 266 267 264 255 255 262 297 346 377 419 433 402 360 357 375 387 411 422 439 461 475 495 508 528 554 586 623 637 628 642 634 582 528 450 415 422 476 501 521 550 591 629 684 751 828 874 954 1031 1106 1146 
364 341 298 285 273 277 270 327 391 437 478 459 396 358 353 374 389 401 411 421 439 476 484 505 528 566 602 636 639 623 624 608 568 478 424 418 449 471 493 528 560 596 640 696 773 849 917 997 1079 1132 1172 
393 391 331 344 334 308 305 368 442 510 512 445 383 360 356 364 377 380 396 410 421 448 492 511 548 567 600 612 602 594 607 551 483 429 413 428 444 482 513 525 572 612 655 724 777 852 937 1013 1098 1126 1174 
424 428 366 406 398 349 343 375 470 530 480 420 377 367 363 373 383 395 395 409 435 471 495 515 535 561 566 565 561 573 557 476 427 412 418 434 453 491 517 551 571 627 679 756 791 861 946 1039 1096 1112 1150 
442 453 385 425 408 413 379 360 422 459 445 394 372 374 371 379 396 403 395 408 430 478 498 522 520 522 522 528 543 564 480 420 405 405 422 441 462 490 524 550 588 627 685 712 741 793 901 972 1064 1109 1156 
445 442 421 425 424 429 408 355 369 385 389 371 379 378 382 386 411 410 404 401 412 431 472 481 500 499 493 513 551 493 425 395 397 400 419 438 474 498 520 553 590 625 675 760 819 850 862 927 1044 1116 1179 
425 427 429 413 427 444 431 388 359 359 364 373 394 401 403 400 425 431 421 417 409 411 430 459 482 478 490 537 492 428 410 388 390 397 408 422 479 524 539 581 627 696 746 818 899 956 983 968 987 1091 1191 
408 405 408 412 418 437 451 420 379 368 370 399 412 409 411 414 440 443 441 433 425 422 420 431 445 469 518 510 435 420 401 379 382 391 398 432 499 534 553 588 653 725 788 859 932 1014 1059 1083 1121 1099 1192 
391 390 388 387 400 418 431 432 404 379 378 414 430 432 423 424 446 444 445 441 437 435 434 431 445 498 520 447 425 410 386 372 376 384 399 437 498 532 564 600 652 739 830 870 938 1013 1090 1175 1210 1200 1182 
386 380 381 374 385 397 415 417 415 385 386 420 449 450 429 422 437 445 448 448 444 449 443 446 485 533 461 433 410 387 374 366 369 386 404 454 525 547 578 620 687 768 868 918 975 1032 1165 1260 1337 1321 1263 
379 379 383 382 372 384 399 409 412 388 393 418 455 455 441 426 442 445 451 453 450 452 452 467 530 493 453 428 391 356 356 361 376 392 421 493 535 568 594 637 701 779 884 956 1029 1121 1217 1316 1401 1428 1389 
373 376 379 388 381 377 382 393 405 399 389 412 431 448 452 454 474 485 485 460 456 453 469 524 517 465 436 407 352 352 351 364 383 403 439 521 552 583 608 680 764 823 874 966 1090 1197 1285 1372 1414 1440 1466 
382 377 388 393 390 385 382 386 398 399 390 407 430 442 449 481 513 515 486 470 461 463 516 518 489 450 421 365 347 344 352 363 389 426 482 535 560 595 637 710 774 853 909 1001 1146 1238 1323 1394 1426 1448 1477 
391 388 408 406 399 388 385 385 393 396 397 409 418 431 445 463 488 488 478 480 472 478 504 480 482 450 371 346 337 341 355 378 399 457 502 536 561 603 657 733 793 836 923 1052 1174 1266 1340 1397 1428 1444 1453 
