geoxygene-sig3d-gui/src/main/resources/demo3d/bdalti/echantillon38/ISERE_100_asc.asc
ncols         101
nrows         101
xllcorner     914950.00
yllcorner     6449950.00
cellsize      100.00
NODATA_value  -9999
[rows 42 to 83 of 101, columns 0 to 93 of 101]
216 216 216 216 216 216 216 216 216 215 215 215 215 214 214 214 214 214 214 214 214 214 215 216 218 219 258 315 328 378 420 433 440 452 483 519 558 556 521 474 456 433 399 399 417 433 396 340 286 318 346 339 365 412 443 458 450 456 470 492 502 474 483 535 585 633 665 647 616 599 591 562 561 572 603 617 647 670 683 695 708 723 738 755 776 795 813 819 811 811 821 829 838 835
217 216 216 216 216 216 216 216 216 216 216 216 215 215 215 215 214 214 215 215 215 215 215 217 218 221 250 295 354 403 435 447 442 451 499 529 560 574 551 513 478 456 430 451 486 485 430 355 332 310 314 314 309 332 373 386 378 384 405 420 421 432 485 524 557 580 591 585 563 553 536 532 558 595 614 642 656 663 673 687 699 714 729 748 772 791 808 811 801 802 806 811 813 831
217 217 217 216 216 216 216 216 216 216 216 216 216 215 215 215 215 215 215 215 215 215 216 219 220 225 243 258 312 377 426 445 443 438 489 507 539 566 564 543 512 486 470 470 522 501 449 431 342 367 377 391 367 329 320 323 318 325 344 368 361 413 465 490 510 531 537 531 526 521 513 546 582 614 627 644 656 656 664 677 688 702 714 733 760 776 791 794 789 788 789 797 808 831
217 217 217 217 217 217 217 217 217 216 216 216 216 216 215 215 215 215 216 216 216 216 216 219 223 228 248 294 343 346 392 413 418 429 455 497 523 541 556 562 543 529 514 510 531 505 472 466 410 442 452 476 424 406 381 379 360 370 349 341 350 375 424 447 470 487 485 485 487 489 532 570 599 617 626 645 649 646 654 664 676 689 702 716 736 754 769 775 776 779 781 800 811 830
218 217 217 217 217 217 217 217 217 217 217 217 216 216 216 216 216 216 216 216 216 217 217 217 218 230 264 313 379 393 392 410 440 451 443 475 503 524 517 532 548 569 573 563 536 504 502 492 460 526 542 535 498 471 429 422 408 416 415 380 353 349 367 394 415 433 435 447 480 525 560 572 589 610 633 645 638 635 641 653 665 676 689 703 719 736 750 756 760 771 783 796 810 826
218 218 218 217 217 217 217 217 217 217 217 217 217 216 216 216 216 216 217 217 217 217 218 217 218 236 268 312 395 420 430 445 465 471 470 473 482 494 503 514 538 559 576 589 565 537 538 529 490 554 593 586 566 523 468 468 442 445 453 433 400 362 357 363 374 393 447 467 500 534 549 561 579 599 627 631 623 623 631 643 654 665 677 695 709 722 731 744 757 769 781 794 808 823
218 218 218 218 218 218 218 218 218 218 217 217 217 217 217 217 217 217 217 217 217 218 218 218 220 241 271 322 395 429 454 480 487 495 501 502 499 510 531 556 568 590 612 629 612 583 601 585 546 559 628 647 623 573 511 511 485 474 485 473 451 403 382 360 365 378 417 449 489 513 530 544 561 587 603 606 609 614 623 633 643 655 670 687 699 709 725 738 752 765 777 790 805 820
219 218 218 218 218 218 218 218 218 218 218 218 218 217 217 217 217 217 217 218 218 218 219 219 224 250 281 336 401 434 465 492 504 521 534 536 532 535 573 602 612 630 659 672 640 651 655 630 602 586 652 692 668 602 553 545 513 509 518 511 494 466 424 381 361 371 414 448 465 480 509 531 530 549 564 584 590 605 614 624 633 645 662 678 685 700 719 734 747 760 774 786 799 813
219 219 219 218 218 218 218 218 218 218 218 218 218 218 217 217 217 218 218 218 218 219 219 217 222 256 298 356 416 450 484 507 525 554 570 570 567 568 594 620 634 653 690 714 699 706 700 668 662 653 682 737 707 659 606 575 565 537 542 546 535 496 481 413 371 365 387 420 427 452 500 488 483 518 550 554 566 585 608 618 624 637 650 664 677 695 713 729 741 752 768 785 792 804
219 219 219 219 219 219 219 219 219 219 219 218 218 218 218 218 218 218 218 219 219 219 218 215 234 263 314 374 435 470 503 532 563 586 599 599 596 599 599 622 648 680 729 767 765 756 753 730 726 701 709 758 744 696 644 600 593 581 595 595 564 543 516 439 392 371 365 375 388 413 426 434 477 502 512 509 535 572 602 608 613 625 641 657 672 692 708 722 732 743 755 770 779 789
219 219 219 219 219 219 219 219 219 219 219 219 219 218 218 218 218 219 219 219 219 219 219 225 251 278 328 394 457 487 524 560 599 619 627 626 627 626 629 641 668 707 752 813 823 830 827 793 770 747 731 781 796 737 686 651 653 645 649 638 605 578 538 473 425 387 371 371 368 374 391 418 442 462 468 481 521 564 579 592 603 610 627 646 664 687 699 709 720 731 741 750 760 771
219 219 219 219 219 219 219 219 219 219 219 219 219 219 219 219 219 219 219 219 218 221 226 237 261 297 351 430 469 499 548 591 627 652 660 656 654 658 663 673 688 720 773 826 849 870 876 854 826 799 774 807 841 789 732 713 721 704 696 677 645 604 555 494 466 415 414 418 402 365 379 391 412 430 448 479 501 528 552 574 591 596 605 628 645 670 685 695 701 715 727 732 741 758
218 219 219 219 219 219 219 219 219 219 219 219 219 219 219 219 219 219 218 218 220 233 239 249 271 316 381 448 483 518 564 618 660 688 694 686 674 685 693 698 708 732 769 811 822 838 869 883 874 857 833 831 866 843 787 779 779 766 736 703 658 608 556 510 480 478 487 474 438 383 374 417 454 469 482 517 547 550 557 568 597 610 620 641 643 644 664 675 680 693 710 718 731 752
220 218 218 219 219 219 219 219 219 219 219 219 219 219 219 220 219 219 219 224 233 247 261 269 288 340 406 463 504 535 581 641 691 720 721 712 698 703 713 726 747 767 778 790 792 798 846 865 877 883 870 865 882 890 861 850 849 804 764 725 668 615 557 532 524 515 486 457 422 395 379 413 459 491 510 535 567 573 570 578 600 615 625 639 654 666 678 684 688 692 707 723 739 758
223 222 219 219 219 219 219 219 219 220 220 219 219 219 219 219 218 220 230 238 241 261 278 290 317 358 421 476 519 550 595 650 700 719 723 718 710 721 741 768 786 786 777 771 773 778 804 820 836 852 858 864 894 923 926 902 869 815 769 724 677 624 586 566 544 523 510 466 420 391 382 408 456 494 529 558 565 572 576 581 592 611 624 640 657 673 687 696 702 713 715 727 747 767
223 223 222 221 221 221 221 222 221 221 221 220 221 219 219 218 218 226 243 247 257 281 295 308 330 370 433 484 521 555 592 636 669 691 713 708 708 729 767 800 802 789 769 755 754 759 774 789 807 821 829 835 859 874 890 897 864 816 769 721 683 632 597 570 551 540 521 477 437 387 391 417 460 498 528 555 559 563 577 585 593 605 622 637 653 672 688 701 710 724 728 729 750 771
222 223 223 223 223 223 224 224 224 223 223 225 226 224 220 223 233 246 252 264 279 290 308 329 348 379 439 489 520 549 575 600 631 675 682 678 695 734 779 791 771 761 751 739 729 740 754 774 786 800 808 814 826 840 840 850 836 804 757 714 673 628 595 564 561 545 513 470 425 389 390 409 447 487 535 554 565 570 579 587 595 607 623 638 651 668 684 700 716 732 741 747 753 771
223 223 223 223 224 225 226 226 226 226 226 227 230 233 236 248 262 266 276 287 292 310 333 356 365 395 444 490 520 546 567 581 606 642 640 648 692 739 769 755 741 731 718 712 699 723 735 750 763 771 778 787 798 812 813 814 800 776 739 695 643 619 586 561 564 543 516 481 442 398 389 406 451 498 530 548 566 574 579 585 595 609 625 639 654 668 682 699 717 733 750 762 759 778
224 223 223 223 224 225 226 227 228 228 228 229 242 250 258 268 277 284 290 295 306 332 346 362 381 410 453 494 522 534 554 568 582 600 608 637 690 732 742 723 707 696 685 680 672 688 701 715 725 733 742 751 764 778 771 778 765 736 696 653 621 596 571 575 568 546 522 485 454 414 394 397 427 471 508 538 559 569 575 580 590 607 627 639 656 672 687 701 715 731 750 765 775 795
224 224 224 223 224 224 225 227 231 230 230 230 235 254 262 271 287 291 294 303 322 340 353 375 399 427 465 488 507 518 536 551 564 577 601 637 689 718 707 683 665 660 655 649 653 659 667 679 694 702 710 722 738 736 727 724 721 693 654 626 602 585 593 590 573 556 528 502 467 431 444 421 398 426 473 524 549 560 565 573 586 605 628 647 659 675 691 704 718 733 750 770 786 803
225 224 224 224 224 225 226 227 230 232 233 233 234 239 254 270 291 299 305 319 330 337 354 377 403 435 455 474 495 507 525 542 551 563 589 628 664 675 664 645 631 630 628 624 632 637 647 655 669 683 694 705 709 700 687 681 678 647 627 611 603 614 618 594 577 558 538 513 476 455 482 469 419 405 457 514 534 545 554 566 582 602 626 648 662 676 692 707 723 738 753 772 793 808
225 225 225 225 225 225 226 228 231 234 236 237 238 239 278 283 285 279 283 293 306 311 331 349 376 401 447 465 490 500 515 533 537 545 574 611 623 630 620 607 599 603 604 600 611 619 629 639 660 681 686 682 672 662 657 648 634 620 618 621 625 647 656 606 578 557 542 522 508 488 495 482 443 401 425 479 516 537 546 561 577 596 620 644 660 675 692 710 727 743 758 776 798 815
226 226 226 226 226 226 227 229 233 238 239 240 242 241 248 253 249 255 259 262 269 281 306 323 353 378 410 436 478 494 504 509 524 532 550 571 578 584 581 574 571 574 576 583 592 601 615 639 659 683 674 649 637 631 631 623 613 606 617 637 654 686 695 639 585 569 553 540 529 515 509 482 442 404 441 459 490 534 542 552 571 589 611 637 656 673 694 712 729 747 764 782 802 822
226 226 226 226 226 227 229 231 231 242 245 247 247 244 245 250 253 262 266 270 273 291 296 312 331 352 383 419 451 475 463 487 504 511 519 531 543 548 548 547 547 548 553 565 574 583 602 628 647 660 641 623 615 612 610 605 600 601 627 658 687 711 711 662 610 584 569 554 539 533 525 497 447 412 457 490 482 521 539 546 564 582 603 628 650 670 693 714 734 748 768 787 806 828
227 227 227 227 227 228 229 230 229 243 259 263 266 262 262 259 267 270 274 283 295 324 330 313 314 329 354 370 405 430 442 474 481 483 493 502 513 524 525 525 525 528 535 547 555 567 591 615 625 627 619 607 598 597 594 592 597 617 648 687 711 725 713 673 628 601 581 560 553 549 530 509 471 414 432 472 484 520 538 539 551 567 588 617 640 661 683 706 733 750 772 788 811 835
228 228 227 228 228 229 228 226 227 245 267 276 306 313 306 293 286 284 281 293 318 355 359 343 326 321 330 348 369 396 437 456 458 463 474 484 493 503 507 507 507 511 523 528 539 556 576 598 602 608 602 591 585 584 586 591 607 635 667 701 724 725 715 685 643 616 587 560 561 553 531 512 482 431 414 434 486 512 519 511 534 554 570 594 618 640 670 685 714 739 763 783 807 841
228 228 228 228 229 229 227 225 228 243 263 290 326 352 354 339 317 307 303 310 345 380 386 376 360 347 341 342 369 398 414 439 442 448 457 466 476 486 490 491 492 498 507 514 528 543 557 568 574 584 583 577 576 580 587 601 621 645 679 702 716 715 707 683 648 615 585 563 562 545 524 504 475 422 417 424 467 488 481 518 549 571 581 600 624 652 683 707 730 748 777 802 823 843
229 229 229 229 229 229 230 240 240 244 256 278 328 351 369 371 367 346 333 336 373 403 406 396 384 368 344 345 364 391 400 419 426 434 444 454 465 470 474 476 477 484 495 507 516 532 543 549 551 557 565 565 573 586 595 611 634 657 682 689 692 699 694 670 636 604 580 565 553 539 514 479 446 416 419 420 437 458 474 507 539 565 579 600 624 649 683 706 728 759 799 822 851 881
229 229 229 229 230 230 238 243 244 246 251 269 306 337 369 364 373 369 366 367 393 413 411 398 389 375 349 342 361 382 397 408 415 426 433 444 454 457 460 463 468 479 492 503 511 520 532 538 541 546 554 561 574 592 603 616 637 659 672 671 674 687 683 653 621 594 574 552 538 528 483 434 415 415 418 422 429 445 476 510 523 552 576 601 623 646 674 701 723 759 789 815 865 898
229 230 229 229 231 235 237 238 241 247 250 258 283 318 343 356 365 368 372 375 401 416 414 400 391 380 354 339 358 375 391 400 408 418 425 435 443 447 450 456 467 481 491 500 507 512 521 527 534 543 551 563 577 590 600 617 635 646 649 657 668 679 670 640 611 587 568 547 520 482 441 417 411 413 420 440 441 461 500 529 540 561 581 600 622 644 675 704 732 764 794 821 864 904
233 231 230 233 240 243 243 240 239 245 250 255 266 295 322 341 352 358 365 373 404 423 418 405 395 383 358 338 358 376 387 394 401 410 419 428 433 438 444 454 466 478 486 494 502 508 514 521 530 541 552 563 577 590 602 616 628 630 634 648 659 667 657 629 603 581 561 542 511 452 423 416 413 448 464 487 482 472 503 532 546 564 584 604 624 646 670 702 737 770 795 834 872 909
270 252 247 251 253 254 254 249 245 247 251 255 262 278 304 329 341 351 362 381 410 428 422 411 401 384 360 340 354 372 382 388 396 404 414 418 423 433 443 452 462 472 480 490 498 504 510 520 530 541 552 565 580 593 608 622 626 626 629 637 649 657 645 618 592 574 544 527 478 434 418 414 422 466 490 493 499 492 508 529 547 565 587 601 625 650 680 706 742 787 808 841 867 900
311 288 266 264 267 267 264 261 255 254 255 257 262 279 297 322 346 361 377 393 419 437 433 418 402 384 360 348 357 369 375 380 387 398 411 421 422 427 439 450 461 465 475 488 495 501 508 517 528 543 554 564 586 606 623 638 637 632 628 629 642 648 634 609 582 565 528 482 450 427 415 417 422 445 476 488 501 507 521 534 550 568 591 610 629 644 684 716 751 793 828 849 874 905
344 332 307 282 282 280 272 267 264 263 265 262 265 282 306 340 369 388 407 423 442 459 451 423 403 379 359 351 355 362 373 381 387 398 406 414 417 418 432 445 452 456 476 488 492 497 505 514 525 546 562 575 596 616 635 647 645 640 628 624 630 637 624 602 579 550 499 460 434 422 414 425 447 439 458 478 496 512 528 542 556 573 592 614 636 657 685 727 766 799 842 879 897 924
364 355 341 316 298 293 285 277 273 274 277 274 270 283 327 367 391 416 437 458 478 484 459 424 396 374 358 351 353 360 374 384 389 396 401 408 411 415 421 434 439 452 476 484 484 494 505 515 528 547 566 584 602 620 636 643 639 631 623 620 624 622 608 591 568 523 478 440 424 415 418 431 449 457 471 478 493 513 528 544 560 578 596 618 640 667 696 733 773 809 849 886 917 947
378 375 366 349 314 311 309 301 294 288 290 288 281 296 358 391 418 447 473 498 507 490 455 417 387 371 359 353 353 358 373 383 384 385 394 402 406 410 415 426 439 451 458 473 484 495 508 520 537 550 566 587 607 620 626 629 623 613 612 611 614 610 589 563 526 487 453 424 412 416 425 433 448 465 480 490 504 518 521 545 567 585 602 625 649 671 711 740 774 816 850 897 934 962
393 391 391 375 331 336 344 342 334 316 308 307 305 309 368 408 442 481 510 524 512 486 445 410 383 371 360 355 356 358 364 374 377 377 380 389 396 405 410 419 421 432 448 477 492 499 511 528 548 559 567 581 600 612 612 608 602 591 594 596 607 590 551 509 483 456 429 416 413 421 428 433 444 464 482 498 513 525 525 548 572 593 612 631 655 687 724 748 777 814 852 896 937 964
409 403 406 394 355 356 381 386 377 350 331 328 328 326 367 418 462 505 531 525 499 467 433 402 381 372 363 358 359 363 367 372 377 381 383 380 389 398 402 422 428 442 458 490 498 503 512 528 547 563 570 575 585 594 591 586 580 572 579 587 584 553 509 484 451 430 418 414 416 423 431 436 444 469 487 500 515 530 540 549 570 597 621 640 666 705 744 765 784 813 846 892 943 986
424 422 428 414 366 369 406 412 398 374 349 359 343 335 375 425 470 506 530 520 480 450 420 393 377 372 367 363 363 370 373 377 383 390 395 390 395 403 409 425 435 452 471 479 495 508 515 520 535 550 561 561 566 571 565 565 561 561 573 578 557 508 476 449 427 417 412 411 418 427 434 442 453 469 491 504 517 533 551 556 571 597 627 655 679 714 756 776 791 823 861 902 946 985
434 437 442 425 375 388 422 420 402 372 386 388 361 341 372 420 454 490 506 494 465 437 408 384 374 370 371 369 367 372 376 381 389 396 402 396 395 405 412 420 432 454 482 488 496 514 521 522 530 533 541 541 545 547 545 545 548 560 570 564 514 472 443 421 413 411 408 411 422 430 438 447 458 470 489 509 521 534 554 566 580 595 627 664 692 719 749 769 783 817 857 899 938 966
442 450 453 426 385 398 425 422 408 390 413 403 379 354 360 402 422 449 459 458 445 420 394 376 372 373 374 372 371 371 379 388 396 401 403 398 395 399 408 416 430 453 478 491 498 513 522 527 520 517 522 522 522 523 528 528 543 562 564 532 480 442 420 406 405 404 405 412 422 431 441 454 462 475 490 512 524 535 550 566 588 608 627 661 685 694 712 729 741 769 793 854 901 937
449 453 451 427 396 401 426 424 410 411 418 410 394 366 352 376 392 412 418 421 413 396 379 372 373 376 375 375 375 376 384 398 404 406 405 402 398 397 402 408 419 437 456 473 488 498 505 517 511 509 508 508 505 507 514 527 550 560 535 496 446 421 401 397 399 399 402 411 421 431 443 459 473 476 492 506 519 535 552 570 589 605 625 647 665 683 712 740 762 783 795 805 861 912
