geoxygene-sig3d-gui/src/main/resources/demo3d/bdalti/echantillon38/ISERE_100_asc.asc
ncols         101
nrows         101
xllcorner     914950.00
yllcorner     6449950.00
cellsize      100.00
NODATA_value  -9999
[rows 0 to 41 of 101, columns 0 to 93 of 101]
238 236 235 236 238 243 244 243 241 238 235 232 229 226 223 220 218 218 218 217 217 216 216 216 216 216 215 215 215 216 216 217 217 216 216 216 217 217 217 217 217 217 216 216 214 213 213 214 215 216 217 217 217 216 216 216 217 217 217 218 218 218 219 221 220 217 216 217 217 219 219 220 222 224 227 230 233 235 236 239 242 240 236 243 273 305 348 386 422 435 439 473 514 546
226 227 230 232 234 236 238 238 236 234 231 227 224 222 220 219 218 218 217 217 216 216 216 215 215 215 214 214 214 214 215 216 216 215 215 215 216 217 216 216 216 216 216 215 214 212 212 213 214 215 216 216 216 216 216 216 217 217 217 217 218 219 220 219 218 217 217 218 219 219 219 221 224 226 228 230 234 236 238 247 254 256 265 298 334 381 407 433 455 462 474 515 566 588
218 219 225 228 230 232 233 233 232 230 226 223 220 219 218 218 217 217 217 216 216 215 215 215 214 214 213 213 213 213 214 214 214 214 214 215 216 217 216 216 215 215 215 215 214 212 210 212 213 215 216 216 216 216 216 216 216 216 217 217 218 219 218 217 217 218 218 219 219 219 219 221 224 226 230 232 234 238 244 255 263 269 314 367 406 425 435 451 466 483 522 579 607 636
214 216 220 223 226 227 228 229 229 226 222 219 219 218 217 217 217 217 217 216 215 215 214 214 214 213 212 212 213 213 213 213 214 214 214 215 216 217 217 216 215 215 215 214 214 213 210 209 212 214 215 215 215 216 215 216 216 216 216 217 218 218 217 217 218 218 219 219 219 219 219 220 224 227 228 230 234 237 240 265 278 260 302 390 436 447 456 465 489 539 581 603 625 659
209 212 215 218 221 222 223 224 225 223 219 218 218 217 216 216 216 216 216 216 215 214 214 213 213 212 211 211 210 211 212 213 214 214 215 216 216 217 217 216 215 215 214 213 213 213 212 209 210 213 214 215 215 215 215 215 216 216 216 217 217 217 217 217 218 218 218 219 219 219 220 222 226 227 227 230 234 235 254 294 319 267 282 362 426 455 460 473 522 559 564 582 624 660
209 208 211 215 217 218 220 220 221 221 219 218 217 216 215 215 215 215 215 215 214 213 213 213 212 211 210 210 209 208 209 213 214 214 215 216 216 216 216 216 215 214 213 213 213 213 213 211 210 212 214 214 215 215 215 215 215 216 216 217 217 216 217 218 218 218 219 219 219 219 220 225 228 228 227 230 232 244 289 332 345 291 262 309 365 416 440 466 498 525 546 583 624 651
209 209 207 212 215 216 217 218 219 219 218 217 215 214 214 214 214 214 214 214 214 213 213 213 212 210 210 209 209 209 208 209 214 215 215 216 216 215 216 216 215 214 213 213 213 213 212 210 211 212 213 214 214 214 214 215 215 216 216 216 216 217 217 217 218 218 219 219 219 219 218 224 229 230 228 230 240 291 341 375 402 346 293 266 306 357 446 475 491 522 567 593 620 631
209 210 209 208 214 214 216 217 217 217 216 215 214 213 213 213 213 214 214 213 213 212 213 212 210 210 209 209 209 209 209 208 209 214 215 215 215 215 215 215 215 214 213 213 213 211 210 211 212 212 213 213 214 214 214 214 215 215 216 216 216 216 216 216 217 217 218 218 219 219 219 218 222 230 229 235 293 343 378 423 472 434 372 319 272 328 403 472 502 537 575 600 612 604
209 209 209 209 211 213 216 217 216 215 215 214 213 212 213 213 213 213 213 213 212 212 212 210 209 209 209 209 209 210 209 208 208 212 215 214 214 214 215 215 215 213 213 212 210 211 211 212 212 212 213 213 214 214 214 214 214 215 215 216 216 216 215 216 216 217 217 218 218 219 220 219 220 227 237 290 340 374 417 476 515 489 453 376 300 284 365 441 492 535 564 576 567 564
209 209 209 209 211 214 216 218 217 215 214 213 212 211 209 210 212 213 213 212 211 211 210 209 209 209 209 209 209 210 210 208 208 212 213 214 214 214 214 214 214 213 211 210 211 211 212 212 212 213 213 214 214 214 214 214 214 215 216 216 216 215 215 215 216 217 217 218 218 219 219 219 221 238 287 333 370 409 470 508 533 517 490 400 351 310 312 386 470 495 539 534 531 577
209 209 209 209 210 215 217 217 217 216 214 212 210 209 209 208 208 210 210 211 210 210 209 209 209 209 209 209 209 209 210 209 208 210 212 213 214 213 214 214 214 213 210 211 212 212 212 212 212 213 214 214 215 215 214 214 215 215 216 216 215 215 215 216 217 217 218 218 219 220 220 220 237 288 328 369 405 472 517 539 554 545 518 487 455 413 322 344 430 484 504 511 552 582
209 209 209 209 211 215 216 216 216 216 214 211 210 209 209 209 208 208 209 210 210 209 209 209 209 209 209 209 209 209 209 209 208 210 212 213 213 213 213 213 214 214 210 210 211 211 211 212 212 213 214 215 215 215 215 215 215 215 215 215 215 216 216 217 218 218 219 219 218 220 226 246 293 340 380 408 450 520 550 577 598 570 540 516 486 470 390 318 395 465 489 530 558 588
209 209 209 209 212 215 215 215 215 215 213 210 209 209 209 210 209 209 209 209 209 209 209 209 209 209 209 209 209 209 209 209 207 209 214 213 212 212 212 212 213 213 213 211 210 210 211 211 211 212 213 214 215 215 215 215 216 216 216 217 217 218 219 218 219 220 219 218 220 226 249 278 318 382 415 453 505 551 580 605 600 572 544 520 507 504 472 383 359 448 484 527 563 618
209 209 209 209 213 214 214 214 214 214 212 210 209 209 209 210 209 209 209 209 209 209 209 209 209 209 209 209 209 209 209 209 207 208 215 215 213 212 212 212 212 212 213 212 212 211 210 210 210 210 211 212 213 214 214 215 215 216 217 218 218 219 223 224 228 230 225 226 239 262 291 331 356 385 426 466 503 537 577 595 583 562 539 518 527 538 502 438 360 424 473 509 560 623
209 209 209 209 212 214 214 214 214 213 212 210 209 209 209 209 209 209 209 209 209 209 209 209 209 209 209 209 209 209 209 209 208 207 211 214 215 214 213 212 212 212 212 212 212 212 212 212 211 211 210 210 210 212 213 214 215 216 217 218 219 219 225 232 238 238 238 256 283 309 341 384 415 408 408 454 484 519 560 566 567 557 539 533 550 563 518 459 428 360 449 487 542 578
209 209 209 209 212 213 213 213 213 213 211 209 209 209 209 209 209 209 209 209 209 209 209 209 209 209 209 209 209 209 208 209 209 208 206 208 212 214 214 213 212 212 212 212 213 213 213 213 212 212 211 211 211 210 212 213 214 215 217 218 219 222 230 236 247 257 281 302 323 360 400 434 461 461 446 455 496 518 548 564 569 559 551 553 567 560 513 511 479 430 381 469 504 529
209 209 209 209 213 212 212 212 212 212 210 209 209 209 209 209 209 209 209 209 209 209 209 209 209 209 209 209 209 208 208 208 209 209 208 207 207 209 211 211 212 212 212 212 212 212 213 213 212 212 212 212 211 210 211 214 215 216 217 218 218 227 234 256 273 275 318 341 370 409 448 485 498 502 494 482 478 529 570 597 589 572 569 578 580 551 521 533 513 480 422 427 470 494
209 209 209 208 211 213 212 212 212 211 210 209 209 209 209 209 209 209 209 209 209 209 209 209 209 209 208 208 208 208 208 208 208 209 209 209 208 208 208 209 210 210 211 211 209 210 210 210 211 212 212 212 211 210 211 213 216 218 219 216 220 249 275 297 318 321 323 372 408 447 491 511 541 546 527 524 499 529 579 616 609 593 588 605 596 563 546 546 539 508 465 429 429 477
209 209 209 209 208 209 211 211 211 210 209 209 209 209 209 209 209 209 209 209 209 209 209 209 208 208 208 208 208 208 208 208 208 208 209 209 209 209 209 209 209 210 211 211 211 212 212 211 210 210 211 211 211 210 211 211 214 223 230 236 275 295 307 331 361 382 348 374 438 482 496 527 561 557 552 556 547 536 586 632 640 621 616 641 627 590 564 574 577 532 490 466 477 445
209 209 209 209 209 209 209 209 209 209 209 209 209 209 209 209 209 209 209 209 209 208 208 208 208 208 208 208 208 208 208 208 208 208 208 209 209 209 210 209 209 209 212 213 213 213 213 213 212 211 210 210 210 211 211 212 219 250 266 282 316 342 360 366 386 398 371 375 420 465 495 519 544 555 579 587 589 586 592 640 661 655 657 682 648 603 596 617 620 563 502 480 470 493
209 209 209 209 209 209 209 209 209 209 209 209 209 209 209 209 209 209 209 208 208 208 208 208 208 208 208 208 208 208 207 207 208 208 208 208 209 209 209 209 209 210 213 215 215 215 214 214 214 214 212 211 212 214 216 227 268 309 324 323 372 387 399 393 414 430 438 445 424 478 504 523 544 575 609 619 623 627 634 644 683 692 709 714 662 621 645 680 652 593 527 494 476 490
209 209 209 209 209 209 209 209 209 209 209 209 209 209 208 209 209 208 208 208 208 208 208 208 208 208 208 208 207 207 207 207 207 208 208 208 209 209 209 209 210 212 214 216 216 216 216 216 216 215 214 213 217 224 239 282 329 351 377 356 407 415 419 422 446 458 462 462 437 453 491 524 541 573 611 641 658 669 680 673 709 743 779 734 674 673 707 728 669 602 548 508 493 485
209 209 209 209 209 209 209 209 209 209 209 209 209 209 208 208 208 208 208 208 208 208 208 208 208 208 207 207 207 207 207 207 207 207 208 208 209 209 209 210 211 214 216 217 217 217 217 216 215 216 217 219 229 256 301 342 369 396 421 394 408 430 442 454 476 480 476 481 484 455 452 492 539 566 602 635 677 701 718 720 739 799 812 742 692 729 758 742 670 606 558 526 521 505
209 209 209 209 209 209 209 209 209 209 209 209 209 209 208 208 208 208 208 208 208 208 208 208 208 207 207 207 207 207 207 207 207 207 208 208 208 208 209 212 214 216 218 219 219 219 218 216 215 220 232 245 275 319 362 387 411 445 461 430 421 454 482 491 495 503 507 517 510 471 483 466 514 555 593 630 685 720 744 779 798 840 813 746 748 786 795 735 665 608 562 560 552 529
209 209 209 209 209 209 209 209 209 209 209 209 209 209 209 208 208 208 208 208 208 208 208 208 207 207 207 207 207 207 207 206 206 207 208 208 208 208 209 213 215 218 220 222 220 220 219 219 224 256 266 293 335 373 396 432 456 484 478 454 441 469 507 523 517 536 546 555 533 522 529 500 493 536 583 621 664 720 774 826 859 861 801 784 814 838 789 728 662 608 586 591 581 555
210 209 209 209 209 209 209 209 209 209 209 209 209 209 209 209 209 208 208 208 208 208 208 208 208 208 207 207 207 207 207 207 207 207 208 208 209 209 212 214 217 220 224 224 222 223 224 234 270 317 309 354 378 400 440 462 485 502 493 476 464 466 512 532 543 572 590 585 563 552 550 529 505 523 545 572 618 692 742 813 863 884 828 843 867 838 777 731 663 625 615 614 598 572
212 212 210 208 208 208 209 209 209 209 209 209 209 209 209 209 209 209 209 209 208 208 208 208 208 208 208 208 207 207 207 207 208 208 208 209 211 213 214 216 218 221 226 227 227 235 259 302 324 337 349 385 405 446 483 495 522 524 516 507 490 491 505 543 575 603 620 620 593 581 575 554 519 541 588 612 627 656 721 781 849 888 883 901 881 819 773 734 681 669 649 628 604 577
212 212 213 212 211 210 208 208 208 209 209 210 209 209 209 209 209 209 209 209 209 209 208 208 208 208 208 208 208 207 208 209 209 209 209 208 209 211 214 217 220 225 229 236 253 283 326 361 366 374 389 410 445 493 518 526 545 557 554 537 525 530 519 555 601 613 640 653 627 626 597 574 557 551 569 600 643 659 709 772 814 878 939 936 864 817 774 755 724 682 650 624 603 575
212 212 212 212 212 212 212 211 209 209 208 209 210 210 211 212 213 213 213 213 211 210 209 209 209 209 209 208 208 208 208 209 209 209 209 209 208 211 216 219 225 232 236 262 301 347 383 394 388 394 420 441 481 530 558 567 577 597 584 555 545 552 554 567 595 621 672 683 663 661 628 598 595 580 589 620 638 662 698 764 822 893 963 934 867 827 786 757 712 665 636 617 601 580
212 212 212 211 211 211 211 212 212 211 211 209 211 213 214 214 214 214 213 213 212 210 209 209 209 209 209 208 208 209 209 208 207 208 209 209 213 218 227 248 248 235 253 301 341 391 414 409 394 407 441 481 537 567 573 578 599 607 589 563 567 581 589 598 632 650 684 717 705 703 663 643 632 611 625 656 686 699 736 803 864 935 971 921 867 821 785 754 714 677 638 612 597 593
212 212 212 212 212 212 211 211 211 212 212 212 209 212 214 215 214 214 213 213 212 210 209 209 209 209 209 209 209 209 208 207 209 216 220 224 235 267 299 307 271 228 267 329 366 407 422 418 409 424 463 516 561 566 557 555 582 583 578 584 603 618 629 635 657 685 718 746 759 766 723 690 672 645 657 695 736 772 811 846 914 968 966 910 859 811 779 749 708 670 640 622 615 602
213 213 213 212 212 212 212 212 212 211 212 212 210 211 214 215 215 214 214 213 212 210 209 209 209 209 209 209 209 209 209 220 230 240 250 271 306 338 346 331 277 228 267 326 367 405 416 421 430 447 482 500 530 545 535 537 544 558 580 610 643 666 675 676 683 716 749 780 804 807 790 762 722 692 699 746 789 827 863 913 961 973 944 892 837 789 754 730 701 674 653 647 630 610
213 213 213 213 212 212 212 212 212 212 212 212 211 209 212 215 215 214 214 213 212 210 209 209 209 209 209 208 212 217 227 245 261 278 303 332 372 383 377 340 275 234 258 308 360 388 403 418 442 447 466 487 511 516 515 535 567 582 598 637 668 691 694 692 692 712 746 783 808 815 829 813 790 762 761 804 846 881 923 962 961 929 905 868 822 774 745 727 704 684 670 656 633 622
213 214 213 213 213 213 213 212 212 212 212 212 212 211 211 213 213 212 212 212 211 210 209 209 209 209 209 212 221 230 254 293 311 322 359 388 402 404 385 334 279 234 278 323 356 376 395 410 434 442 472 486 500 508 521 556 585 604 627 650 671 686 683 675 676 707 748 773 772 785 817 849 856 831 838 870 901 938 963 947 903 868 855 833 799 759 740 723 707 694 681 653 637 635
214 214 214 213 213 213 213 213 213 213 213 212 212 212 210 210 209 209 210 209 209 209 209 209 208 209 211 218 232 259 307 333 342 368 408 420 424 418 385 323 275 242 290 353 371 383 398 415 436 453 475 494 507 521 548 579 603 611 625 636 664 681 669 663 680 723 762 744 737 751 786 837 890 910 913 924 943 953 925 889 853 825 813 801 773 751 740 729 716 709 686 655 649 653
214 215 214 214 213 213 213 213 213 213 213 213 212 212 211 212 213 210 210 210 209 209 209 209 209 211 213 230 260 305 337 353 385 430 433 424 425 420 384 330 282 250 297 349 381 401 413 428 446 458 473 499 519 538 569 597 598 597 621 644 662 665 653 661 687 728 732 710 719 739 769 831 884 911 912 913 907 887 860 836 819 793 780 765 748 740 752 740 732 724 685 667 672 675
215 215 214 214 214 214 214 213 213 213 213 213 212 212 212 212 213 213 212 213 212 211 211 211 213 214 234 252 284 317 348 392 438 441 428 417 418 416 400 345 296 260 289 344 385 413 419 423 436 449 470 496 519 528 561 563 572 603 630 651 657 641 639 658 686 708 691 695 712 734 774 839 856 845 837 839 833 821 809 803 793 774 752 737 735 751 765 753 744 730 699 681 694 701
215 215 215 214 214 214 214 214 214 214 214 213 213 212 212 212 212 213 213 214 214 213 213 214 216 228 257 279 298 321 372 431 446 430 418 417 425 423 406 359 311 273 287 331 371 393 386 376 385 436 456 473 497 513 519 547 577 606 634 650 643 611 606 644 669 659 661 685 707 735 778 819 807 777 770 775 776 774 771 769 763 747 729 729 748 773 773 756 748 729 712 708 719 727
215 215 215 214 214 214 214 214 214 214 214 214 213 213 213 212 212 212 213 214 215 215 215 216 217 224 279 304 324 356 408 445 430 416 422 428 446 443 419 372 327 286 267 279 313 335 321 318 342 390 417 456 482 492 516 547 579 607 621 632 633 577 573 621 626 612 646 668 708 747 774 767 741 720 710 729 740 742 741 732 726 716 725 744 769 784 780 766 754 743 739 738 745 756
215 215 215 215 215 215 215 215 214 214 214 214 214 213 213 213 213 212 213 214 214 215 216 216 217 220 286 320 344 389 429 425 413 423 435 439 469 473 446 395 349 307 281 270 264 273 281 279 303 348 406 427 452 487 509 544 575 596 597 614 613 554 548 576 566 588 641 674 720 725 714 697 688 684 675 698 712 718 712 696 701 724 745 759 779 789 787 776 766 760 763 768 775 787
216 215 215 215 215 215 215 215 215 215 215 214 214 214 213 213 213 213 213 213 214 215 216 216 217 219 276 329 359 403 386 395 421 436 449 461 508 509 467 427 404 360 328 296 287 282 306 279 298 370 424 444 450 467 500 543 572 572 563 606 593 533 503 522 565 608 666 704 728 680 662 646 666 647 649 673 684 690 683 693 719 733 748 763 781 791 795 790 780 781 783 792 803 814
216 216 216 215 215 215 215 215 215 215 215 215 214 214 214 214 214 214 214 214 213 214 215 216 217 219 274 329 359 360 386 419 434 449 468 490 537 532 491 450 435 414 370 328 339 354 365 305 294 359 409 405 414 451 491 522 537 533 511 548 554 512 479 538 583 635 690 712 667 640 630 607 622 596 646 659 653 666 688 700 716 730 746 760 779 793 805 807 799 798 802 816 826 839
