geoxygene-sig3d-gui/src/test/resources/mnt2.asc
ncols         201
nrows         201
xllcorner     914975.00
yllcorner     6449975.00
cellsize      50.00
NODATA_value  -9999
[rows 84 to 125 of 201, columns 0 to 93 of 201]
216 216 216 216 216 216 216 216 216 216 216 216 216 216 216 216 216 215 215 215 215 215 215 215 215 215 214 214 214 214 214 214 214 214 214 214 214 214 214 214 214 214 214 214 215 215 216 217 218 219 219 230 258 294 315 323 328 352 378 404 420 428 433 437 440 444 452 463 483 501 519 540 558 565 556 540 521 496 474 464 456 445 433 418 399 381 399 413 417 421 433 426 396 366
216 216 216 216 216 216 216 216 216 216 216 216 216 216 216 216 216 216 216 216 216 216 215 215 215 215 215 214 214 214 214 214 214 214 214 214 214 214 214 215 215 214 214 214 215 216 216 217 218 219 219 228 252 286 306 314 341 370 393 416 429 436 441 443 445 442 452 472 491 509 528 549 565 571 568 553 537 517 493 477 466 455 443 429 413 413 433 446 455 464 466 446 409 377
217 216 216 216 216 216 216 216 216 216 216 216 216 216 216 216 216 216 216 216 216 216 216 215 215 215 215 215 215 215 215 215 214 214 214 214 215 215 215 215 215 215 215 215 215 216 217 218 218 219 221 230 250 277 295 317 354 381 403 419 435 444 447 447 442 437 451 483 499 513 529 544 560 572 574 564 551 533 513 493 478 467 456 444 430 432 451 468 486 493 485 464 430 384
217 217 217 216 216 216 216 216 216 216 216 216 216 216 216 216 216 216 216 216 216 216 216 216 215 215 215 215 215 215 215 215 215 215 215 215 215 215 215 215 215 215 215 215 216 217 218 218 219 220 223 232 247 263 278 300 341 373 394 412 433 445 450 449 443 436 443 478 499 510 519 528 548 567 573 568 561 548 529 512 495 480 469 459 450 443 460 481 505 510 495 474 443 397
217 217 217 217 217 216 216 216 216 216 216 216 216 216 216 216 216 216 216 216 216 216 216 216 216 215 215 215 215 215 215 215 215 215 215 215 215 215 215 215 215 215 215 215 216 217 219 219 220 221 225 233 243 248 258 270 312 352 377 402 426 441 445 447 443 434 438 469 489 498 507 517 539 562 566 564 564 557 543 527 512 497 486 477 470 465 470 500 522 520 501 478 449 425
217 217 217 217 217 217 217 217 216 217 217 217 217 216 216 216 216 216 216 216 216 216 216 216 216 216 215 215 215 215 215 215 215 215 215 215 215 215 215 216 216 216 215 216 216 217 219 221 220 223 227 233 239 252 269 285 305 326 359 391 412 427 434 435 435 430 433 447 470 485 500 514 533 549 554 557 563 563 554 542 528 517 506 497 490 486 489 514 528 523 505 482 459 451
217 217 217 217 217 217 217 217 217 217 217 217 217 217 217 217 217 217 216 216 216 216 216 216 216 216 216 215 215 215 215 215 215 215 215 215 216 216 216 216 216 216 216 216 216 217 219 220 223 224 228 236 248 267 294 323 343 344 346 371 392 407 413 415 418 423 429 436 455 482 497 510 523 532 541 546 556 562 562 553 543 537 529 522 514 508 510 523 531 524 505 484 472 479
217 217 217 217 217 217 217 217 217 217 217 217 217 217 217 217 217 217 217 217 217 217 216 216 216 216 216 216 216 216 216 216 216 216 216 216 216 216 216 216 216 216 216 216 217 217 218 218 219 223 229 240 257 281 310 346 369 374 368 365 379 392 398 405 418 432 441 439 445 470 489 501 511 524 531 532 539 548 554 552 550 554 554 552 549 542 536 537 532 520 502 487 487 493
218 217 217 217 217 217 217 217 217 217 217 217 217 217 217 217 217 217 217 217 217 217 217 217 216 216 216 216 216 216 216 216 216 216 216 216 216 216 216 216 216 217 217 217 217 217 217 217 218 220 230 243 264 287 313 353 379 388 393 392 392 402 410 424 440 449 451 448 443 457 475 491 503 518 524 516 517 524 532 539 548 563 569 571 573 570 563 553 536 519 504 499 502 503
218 218 218 217 217 217 217 217 217 217 217 217 217 217 217 217 217 217 217 217 217 217 217 217 217 216 216 216 216 216 216 216 216 216 216 216 216 216 216 217 217 217 217 217 217 217 217 217 218 220 232 248 266 286 313 356 386 399 409 413 413 419 427 441 454 460 461 458 455 458 466 480 491 501 509 508 506 510 516 525 543 562 570 576 578 581 579 565 547 530 518 515 518 518
218 218 218 218 218 217 217 217 217 217 217 217 217 217 217 217 217 217 217 217 217 217 217 217 217 217 216 216 216 216 216 216 216 216 216 216 217 217 217 217 217 217 217 217 218 217 217 217 218 222 236 252 268 286 312 361 395 412 420 425 430 439 445 455 465 470 471 471 470 471 473 476 482 486 494 499 503 508 514 520 538 551 559 568 576 588 589 579 565 550 537 536 538 539
218 218 218 218 218 218 218 218 217 218 218 218 218 218 217 217 217 217 217 217 217 217 217 217 217 217 217 216 216 216 216 216 216 216 217 217 217 217 217 217 217 217 217 218 218 218 218 217 218 224 239 254 270 288 316 362 402 418 426 432 444 455 464 471 477 480 483 484 485 486 486 485 486 492 499 507 514 521 529 537 546 553 561 571 586 599 606 598 588 573 555 563 567 565
218 218 218 218 218 218 218 218 218 218 218 218 218 218 218 218 218 218 218 218 217 217 217 217 217 217 217 217 217 217 217 217 217 217 217 217 217 217 217 217 217 218 218 218 218 218 218 218 220 228 241 256 271 292 322 358 395 416 429 440 454 468 480 485 487 491 495 498 501 502 502 500 499 501 510 520 531 544 556 561 568 578 590 602 612 625 629 624 612 587 583 598 601 604
218 218 218 218 218 218 218 218 218 218 218 218 218 218 218 218 218 218 218 218 218 218 218 217 217 217 217 217 217 217 217 217 217 217 217 217 217 217 217 218 218 218 218 218 218 219 219 219 222 232 245 259 276 298 326 355 389 415 431 444 460 476 487 493 496 501 507 514 517 518 519 517 514 514 522 537 553 569 581 587 591 604 615 625 637 651 652 646 625 604 617 628 631 627
219 218 218 218 218 218 218 218 218 218 218 218 218 218 218 218 218 218 218 218 218 218 218 218 218 217 217 217 217 217 217 217 217 217 217 217 217 218 218 218 218 218 218 219 219 219 219 220 224 236 250 264 281 307 336 368 401 420 434 450 465 480 492 499 504 511 521 529 534 537 536 534 532 532 535 551 573 592 602 608 612 620 630 642 659 674 672 659 640 633 651 657 655 647
219 219 219 218 218 218 218 218 218 218 218 218 218 218 218 218 218 218 218 218 218 218 218 218 218 218 217 217 217 217 217 217 217 217 217 218 218 218 218 218 218 218 219 219 219 219 219 219 222 239 254 269 290 317 344 379 409 426 441 458 473 486 498 505 512 522 536 547 553 555 554 551 550 552 552 559 586 606 615 620 625 632 643 656 675 693 692 679 667 663 679 685 674 662
219 219 219 219 219 218 218 218 218 218 218 218 218 218 218 218 218 218 218 218 218 218 218 218 218 218 218 217 217 217 217 217 217 218 218 218 218 218 218 218 218 219 219 219 219 218 217 218 222 242 256 273 298 326 356 390 416 433 450 468 484 497 507 515 525 539 554 564 570 571 570 567 567 569 568 572 594 610 620 627 634 643 653 668 690 712 714 708 699 695 706 712 700 683
219 219 219 219 219 219 219 219 218 219 219 219 219 219 219 218 218 218 218 218 218 218 218 218 218 218 218 218 218 218 218 218 218 218 218 218 218 218 219 219 219 219 219 219 218 216 215 217 228 244 258 275 306 336 367 400 424 442 460 477 494 508 520 530 544 558 571 580 585 586 584 583 582 583 583 586 596 608 621 632 643 652 665 685 713 732 739 740 732 725 730 734 728 716
219 219 219 219 219 219 219 219 219 219 219 219 219 219 219 219 219 219 219 219 219 219 218 218 218 218 218 218 218 218 218 218 218 218 218 218 218 219 219 219 219 219 219 219 218 216 215 219 234 249 263 281 314 343 374 408 435 454 470 487 503 518 532 547 563 577 586 594 599 600 599 597 596 598 599 598 599 609 622 635 648 663 680 703 729 749 767 773 765 757 756 757 753 741
219 219 219 219 219 219 219 219 219 219 219 219 219 219 219 219 219 219 219 219 219 219 219 219 219 218 218 218 218 218 218 218 218 218 218 219 219 219 219 219 219 219 219 219 218 217 218 228 243 255 270 290 320 350 381 418 447 464 480 496 514 529 545 563 581 594 602 609 613 613 613 612 611 611 612 612 613 619 629 639 656 676 695 717 741 767 792 805 798 784 786 792 789 771
219 219 219 219 219 219 219 219 219 219 219 219 219 219 219 219 219 219 219 219 219 219 219 219 219 219 218 218 218 218 218 218 218 218 219 219 219 219 219 219 219 219 219 219 219 220 225 237 251 263 278 300 328 357 394 433 457 471 487 506 524 542 560 581 599 610 619 625 627 627 626 627 627 626 626 626 629 635 641 649 668 688 707 727 752 789 813 824 823 816 830 836 827 809
219 219 219 219 219 219 219 219 219 219 219 219 219 219 219 219 219 219 219 219 219 219 219 219 219 219 219 218 218 218 218 218 219 219 219 219 219 219 219 219 219 219 219 220 222 225 231 244 256 269 287 312 339 372 413 448 464 476 493 514 536 556 576 597 614 626 636 641 642 641 641 641 642 642 642 643 645 651 656 665 680 696 716 736 764 805 825 837 839 849 862 866 856 843
219 219 219 219 219 219 219 219 219 219 219 219 219 219 219 219 219 219 219 219 219 219 219 219 219 219 219 219 219 219 219 219 219 219 219 219 219 219 219 218 218 219 221 224 226 230 237 248 261 276 297 324 351 391 430 457 469 479 499 523 548 570 591 611 627 640 652 658 660 659 656 654 654 656 658 660 663 668 673 678 688 701 720 745 773 803 826 843 849 857 870 880 876 866
219 219 219 219 219 219 219 219 219 219 219 219 219 219 219 219 219 219 219 219 219 219 219 219 219 219 219 219 219 219 219 219 219 219 219 219 219 219 218 218 218 220 225 229 232 236 243 253 266 282 307 335 366 406 440 462 474 488 508 532 558 583 605 625 642 658 670 676 678 676 671 666 664 668 674 678 680 683 687 690 697 707 724 747 772 797 821 834 840 844 859 873 880 881
218 219 219 219 219 219 219 219 219 219 219 219 219 219 219 219 219 219 219 219 219 219 219 219 219 219 219 219 219 219 219 219 219 219 219 219 218 218 218 219 220 227 233 236 239 243 249 257 271 290 316 346 381 418 448 468 483 499 518 539 564 593 618 639 660 678 688 693 694 692 686 678 674 677 685 690 693 695 698 702 708 718 732 750 769 793 811 820 822 825 838 857 869 880
218 218 218 218 219 219 219 219 219 219 219 219 219 219 219 219 219 219 219 219 219 219 219 219 219 219 219 219 219 219 219 219 219 219 219 218 218 218 219 222 228 238 242 246 249 253 258 264 275 298 327 359 395 428 455 476 493 510 526 547 572 602 630 654 677 696 706 709 709 707 700 691 686 687 694 700 703 706 710 716 725 737 750 761 773 788 801 805 806 807 818 840 858 873
220 219 218 218 218 219 219 219 219 219 219 219 219 219 219 219 219 219 219 219 219 219 219 219 219 219 219 219 219 219 220 220 219 219 219 219 219 221 224 227 233 242 247 255 261 264 269 275 288 313 340 372 406 436 463 485 504 520 535 554 581 612 641 668 691 709 720 721 721 718 712 703 698 699 703 709 713 718 726 736 747 759 767 772 778 784 790 792 792 792 798 821 846 858
222 221 219 218 218 218 219 219 219 219 219 219 219 219 218 218 219 219 219 219 219 219 219 219 219 219 219 219 220 220 219 219 219 219 219 219 222 227 231 233 235 240 250 260 270 274 280 288 304 326 350 380 413 444 471 494 513 529 543 563 591 619 648 676 700 716 723 725 725 723 718 711 706 708 713 719 725 735 746 758 768 775 778 779 779 780 781 781 781 782 787 802 825 837
223 222 222 220 219 219 219 219 219 219 219 219 219 219 219 219 219 219 220 220 220 220 219 219 219 219 219 219 219 219 219 218 218 218 220 224 230 235 238 239 241 250 261 269 278 284 290 300 317 336 358 387 421 452 476 499 519 535 550 570 595 620 650 680 700 714 719 722 723 721 718 713 710 712 721 730 741 754 768 779 786 786 786 783 777 772 771 772 773 774 778 788 804 814
223 223 223 222 221 220 220 220 220 220 220 220 220 221 220 220 220 220 220 221 221 220 219 219 219 219 219 219 219 219 219 218 218 219 223 232 239 242 243 244 249 260 273 282 287 293 300 308 323 342 365 393 428 457 480 502 521 538 555 573 595 618 647 675 689 697 706 717 720 718 714 711 710 715 726 740 754 772 787 795 802 801 791 783 773 764 762 764 764 765 770 778 787 794
223 223 223 223 222 222 221 221 221 221 221 221 221 222 222 222 221 221 221 221 221 221 220 221 221 219 219 219 219 219 218 218 218 218 226 237 243 246 247 249 257 270 281 288 295 301 308 315 330 347 370 399 433 460 484 503 521 538 555 573 592 612 636 658 669 675 691 707 713 710 708 707 708 716 729 747 767 786 800 802 802 798 789 779 769 759 755 755 754 755 759 767 774 781
222 223 223 223 223 223 223 222 222 222 222 222 223 223 223 223 223 222 222 222 222 222 223 224 224 223 220 219 219 219 219 219 220 225 234 241 247 250 254 259 267 279 286 292 300 309 316 325 337 352 374 402 436 464 486 504 521 537 552 568 583 600 619 635 645 662 682 697 700 698 695 697 702 714 731 751 776 798 801 796 790 784 777 770 763 755 748 744 742 743 748 754 764 774
222 222 223 223 223 223 223 223 223 223 223 224 224 224 224 224 224 224 223 223 223 224 225 226 226 226 224 220 220 222 223 227 233 241 246 248 252 258 264 273 279 285 290 296 308 319 329 338 348 360 379 405 439 467 489 506 520 535 549 562 575 587 600 616 631 653 675 683 682 680 678 680 695 713 734 755 779 796 791 780 771 765 761 756 751 745 739 733 729 732 740 746 754 766
223 223 223 223 223 223 223 224 224 224 224 225 225 225 225 225 225 225 225 224 224 225 226 227 227 228 228 226 226 230 235 241 249 256 255 257 263 270 280 285 287 291 299 308 320 332 343 351 357 369 387 412 443 472 491 506 520 534 547 559 570 579 588 601 621 645 660 664 662 660 661 675 694 715 738 759 776 780 773 762 755 750 746 740 735 732 727 721 716 723 733 738 745 755
223 223 223 223 223 223 223 223 224 224 225 225 226 226 226 226 226 226 226 226 226 226 227 227 230 230 233 234 236 242 248 255 262 266 266 269 276 283 287 290 292 298 310 322 333 344 356 361 365 378 395 417 444 470 490 507 520 534 546 558 567 574 581 592 606 629 642 643 640 642 648 667 692 717 739 759 769 765 755 747 741 736 731 724 718 716 712 705 699 712 723 728 735 742
223 223 223 223 223 223 223 223 224 224 225 225 226 227 227 227 227 227 227 227 227 227 228 229 232 238 241 243 248 254 260 266 271 274 276 280 285 290 292 293 297 310 323 332 341 350 360 367 374 386 403 423 444 468 490 508 522 532 542 553 562 569 575 583 594 609 620 623 623 627 638 662 689 714 736 752 757 750 740 732 726 722 715 707 701 699 697 691 681 696 707 714 720 727
224 224 223 223 223 223 223 223 224 224 225 225 226 227 227 228 228 228 228 228 228 228 229 234 242 245 250 253 258 263 268 274 277 281 284 287 290 293 295 298 306 321 332 339 346 353 362 371 381 394 410 431 453 474 494 512 522 528 534 544 554 561 568 574 582 592 600 605 608 618 637 663 690 712 732 743 742 734 723 714 707 702 696 688 685 682 680 676 672 683 688 695 701 708
224 224 224 223 223 223 223 223 223 224 224 225 226 226 227 229 230 230 229 229 228 229 230 231 239 248 257 262 264 267 272 279 284 286 288 290 292 295 299 305 315 328 337 344 349 356 367 379 389 401 419 439 462 481 495 508 516 519 525 535 544 552 559 565 572 580 586 593 602 617 639 665 691 713 728 730 726 716 703 692 684 682 677 672 669 667 663 660 663 668 672 677 682 688
224 224 224 224 224 223 223 223 224 224 224 225 225 226 227 228 231 231 230 230 230 230 230 232 235 242 254 259 262 266 271 278 287 290 291 292 294 297 303 311 322 332 340 347 353 361 375 389 399 411 427 447 465 478 488 498 507 512 518 526 536 544 551 557 564 571 577 587 601 616 637 665 689 709 718 715 707 695 683 671 665 663 660 657 655 654 649 645 653 657 659 663 667 672
225 224 224 224 224 224 224 224 224 224 224 225 225 226 227 228 230 232 232 231 231 231 232 232 234 237 245 252 256 262 271 280 288 293 295 296 297 301 310 318 327 335 341 348 357 368 381 398 407 419 435 450 461 471 478 488 499 506 512 520 529 538 545 551 558 564 570 581 596 613 633 657 678 693 698 693 687 675 664 653 648 647 644 642 641 640 637 636 643 647 648 652 656 660
225 225 224 224 224 224 224 224 224 224 225 225 226 226 227 228 230 231 232 233 233 233 233 234 234 236 239 247 254 257 270 281 291 297 299 301 305 312 319 325 330 334 337 343 354 366 377 391 403 415 435 445 455 466 474 484 495 501 507 514 525 534 542 547 551 555 563 574 589 608 628 648 664 673 675 671 664 656 645 636 631 631 630 629 628 626 624 627 632 636 637 642 647 650
225 225 225 225 225 225 225 225 225 225 225 225 226 227 227 229 230 232 233 234 234 235 235 236 236 237 239 251 266 272 276 283 297 302 302 303 306 312 320 321 324 327 326 332 343 353 363 376 388 400 417 432 450 462 472 484 493 498 502 508 520 532 538 541 544 547 554 564 581 602 622 638 647 652 653 648 642 635 626 618 615 616 617 617 616 614 611 616 622 625 628 632 637 641
