geoxygene-sig3d-gui/src/test/resources/mnt2.asc
ncols         201
nrows         201
xllcorner     914975.00
yllcorner     6449975.00
cellsize      50.00
NODATA_value  -9999
[rows 42 to 83 of 201, columns 0 to 93 of 201]
209 209 209 209 209 209 209 209 209 209 209 209 209 209 209 209 209 209 209 209 209 209 209 209 209 209 209 209 208 209 209 209 209 208 208 208 208 208 208 208 208 208 208 208 208 208 208 208 208 208 208 208 208 208 208 207 207 207 207 207 207 207 207 207 207 208 208 208 208 208 208 208 209 209 209 209 209 209 209 210 210 211 212 213 214 215 216 216 216 216 216 216 216 216
209 209 209 209 209 209 209 209 209 209 209 209 209 209 209 209 209 209 209 209 209 209 209 209 209 209 209 209 208 209 209 209 208 208 208 208 208 208 208 208 208 208 208 208 208 208 208 208 208 208 208 208 208 207 207 207 207 207 207 207 207 207 207 207 207 207 207 208 208 208 208 208 209 209 209 209 209 209 210 210 211 212 213 214 215 216 217 217 217 217 217 217 217 216
209 209 209 209 209 209 209 209 209 209 209 209 209 209 209 209 209 209 209 209 209 209 209 209 209 209 209 208 208 209 208 208 208 208 208 208 208 208 208 208 208 208 208 208 208 208 208 208 208 208 208 207 207 207 207 207 207 207 207 207 207 207 207 207 207 207 207 207 208 208 208 208 209 209 209 209 209 210 210 210 211 213 214 215 216 217 217 217 217 217 217 217 217 217
209 209 209 209 209 209 209 209 209 209 209 209 209 209 209 209 209 209 209 209 209 209 209 209 209 209 209 208 208 208 208 208 208 208 208 208 208 208 208 208 208 208 208 208 208 208 208 208 208 208 207 207 207 207 207 207 207 207 207 207 207 207 207 207 207 207 207 207 208 208 208 208 209 209 209 209 209 210 211 211 212 214 215 216 217 218 218 218 218 218 218 218 218 217
209 209 209 209 209 209 209 209 209 209 209 209 209 209 209 209 209 209 209 209 209 209 209 209 209 209 209 208 208 208 208 208 208 208 208 208 208 208 208 208 208 208 208 208 208 208 208 208 208 207 207 207 207 207 207 207 207 207 207 207 207 207 207 207 207 207 207 207 208 208 208 208 208 208 208 208 209 211 212 213 214 215 216 217 218 218 219 219 219 219 219 219 218 217
209 209 209 209 209 209 209 209 209 209 209 209 209 209 209 209 209 209 209 209 209 209 209 209 209 209 209 209 208 208 208 208 208 208 208 208 208 208 208 208 208 208 208 208 208 208 208 208 207 207 207 207 207 207 207 207 207 207 207 207 207 207 207 207 207 207 207 207 208 208 208 208 208 208 208 208 209 211 213 214 215 216 217 218 219 220 220 219 219 219 219 219 219 218
209 209 209 209 209 209 209 209 209 209 209 209 209 209 209 209 209 209 209 209 209 209 209 209 209 209 209 209 209 208 208 208 208 208 208 208 208 208 208 208 208 208 208 208 208 208 208 208 207 207 207 207 207 207 207 207 207 207 207 207 207 207 206 206 206 207 207 207 208 208 208 208 208 208 208 208 209 212 213 215 215 216 218 219 220 221 222 221 220 220 220 219 219 219
209 209 209 209 209 209 209 209 209 209 209 209 209 209 209 209 209 209 209 209 209 209 209 209 209 209 209 209 209 209 209 209 208 208 208 208 208 208 208 208 208 208 208 208 208 208 208 208 208 207 207 207 207 207 207 207 207 207 207 207 207 207 207 207 206 207 207 207 208 208 208 208 208 208 208 209 211 213 214 215 216 217 219 220 222 223 223 222 222 221 221 220 220 220
210 210 209 209 209 209 209 209 209 209 209 209 209 209 209 209 209 209 209 209 209 209 209 209 209 209 209 209 209 209 209 209 209 209 208 208 208 208 208 208 208 208 208 208 208 208 208 208 208 208 208 207 207 207 207 207 207 207 207 207 207 207 207 207 207 207 207 207 208 208 208 209 209 209 209 211 212 213 214 216 217 218 220 222 224 225 224 223 222 222 223 223 224 226
212 211 210 210 208 208 208 209 209 209 209 209 209 209 209 209 209 209 209 209 209 209 209 209 209 209 209 209 209 209 209 209 209 209 209 209 208 208 208 208 208 208 208 208 208 208 208 208 208 208 208 208 208 208 207 207 207 207 207 207 207 207 207 207 207 207 207 208 208 208 209 210 211 211 211 212 213 214 215 216 217 219 220 223 225 226 225 224 223 224 227 230 236 244
212 212 212 212 210 208 208 208 208 208 208 209 209 209 209 209 209 209 209 209 209 209 209 209 209 209 209 209 209 209 209 209 209 209 209 209 209 209 209 208 208 208 208 208 208 208 208 208 208 208 208 208 208 208 208 207 207 207 207 207 207 207 207 208 208 208 208 208 208 208 209 210 211 212 213 213 214 215 216 217 218 219 221 224 226 227 227 226 227 230 235 243 259 282
212 212 213 213 213 211 209 209 208 208 208 208 208 208 209 209 209 209 209 209 209 209 209 209 209 209 209 209 209 209 209 209 209 209 209 209 209 209 209 209 209 208 208 208 208 208 208 208 208 208 208 208 208 208 208 208 207 207 207 207 207 208 208 208 208 208 209 209 208 208 209 209 210 211 213 214 214 215 216 217 219 220 223 225 227 229 230 232 236 241 253 267 289 315
212 212 212 213 213 213 212 212 211 209 210 209 208 208 208 208 208 209 209 209 209 210 210 209 209 209 209 209 209 209 209 209 209 209 209 209 209 209 209 209 209 209 209 209 208 208 208 208 208 208 208 208 208 208 208 208 208 207 207 208 208 208 209 209 209 209 209 209 209 209 208 208 209 209 211 213 214 215 217 218 220 222 225 227 229 232 236 242 253 266 283 302 326 348
212 212 212 212 212 213 213 213 212 212 212 212 210 210 209 209 208 208 208 208 209 209 209 209 209 209 209 209 209 209 209 209 209 209 209 209 209 209 209 209 209 209 209 209 209 209 208 208 208 208 208 208 208 208 208 208 208 208 208 208 208 208 209 209 209 209 209 209 209 209 209 208 208 208 210 213 215 216 218 219 222 225 229 231 233 236 246 262 278 295 315 337 358 373
212 212 212 212 212 212 212 212 212 212 212 213 212 212 211 212 209 209 209 208 208 208 209 209 210 210 210 211 211 212 212 212 213 213 213 213 213 213 213 212 211 211 210 209 209 209 209 209 209 209 209 209 209 209 208 208 208 208 208 208 208 209 209 209 209 209 209 209 209 209 209 208 208 209 211 213 216 217 219 220 225 230 232 234 236 245 262 282 301 320 347 368 383 391
212 212 212 212 212 212 211 211 211 211 211 211 211 211 212 212 211 210 210 210 209 209 209 211 212 213 213 214 214 214 214 214 214 214 214 213 213 213 213 212 212 211 210 210 209 209 209 209 209 209 209 209 209 209 208 208 208 208 208 208 209 209 209 209 208 208 209 209 209 209 209 208 209 211 214 216 218 219 220 226 233 235 235 236 242 261 282 303 325 344 371 393 402 404
212 212 212 212 212 212 211 211 211 211 211 211 211 212 212 212 212 211 211 212 211 209 209 210 211 212 213 214 214 214 214 214 214 214 214 213 213 213 213 212 212 211 210 210 209 209 209 209 209 209 209 209 209 209 208 208 208 208 209 209 209 209 208 208 207 208 208 209 209 209 209 210 213 215 218 220 227 239 248 254 248 242 235 238 253 279 301 323 341 363 391 408 414 414
212 212 212 212 212 212 212 211 211 211 211 211 211 211 212 212 211 211 212 212 212 211 210 210 210 211 213 214 214 214 214 214 214 214 214 213 213 213 213 212 212 211 210 210 209 209 209 209 209 209 209 209 209 209 208 208 209 209 209 209 208 208 207 207 207 208 209 210 210 210 212 215 218 223 232 247 264 276 285 287 262 244 230 238 262 295 318 337 356 380 404 415 420 419
212 212 212 212 212 212 212 212 212 212 212 211 211 211 211 211 211 211 212 212 212 212 212 209 209 211 212 214 214 215 215 215 214 214 214 213 213 213 213 212 212 211 210 210 209 209 209 209 209 209 209 209 209 209 209 209 209 209 209 208 208 207 207 207 209 212 216 218 220 221 224 230 235 250 267 285 299 306 307 296 271 244 228 240 267 302 329 346 366 388 407 418 422 421
213 213 212 212 212 212 212 212 212 212 212 212 212 212 211 211 211 211 211 212 212 212 212 211 209 210 212 213 214 215 215 215 214 214 214 214 213 213 213 212 212 211 210 210 209 209 209 209 209 209 209 209 209 209 209 209 209 209 208 208 208 208 209 215 221 225 227 230 233 240 249 259 270 287 304 318 326 328 323 303 274 244 227 242 270 304 331 348 368 389 407 417 420 421
213 213 213 213 213 212 212 212 212 212 212 212 212 212 212 212 212 212 211 212 212 212 212 211 210 209 211 212 214 215 215 215 215 215 214 214 214 213 213 213 212 211 210 210 209 209 209 209 209 209 209 209 209 209 209 209 209 209 209 209 209 214 220 226 230 235 240 245 250 257 271 289 306 325 338 345 346 342 331 308 277 245 228 241 267 296 326 347 367 388 405 413 416 418
213 213 213 213 213 213 212 212 212 212 212 212 212 212 212 212 212 212 212 212 212 212 212 212 210 209 209 211 213 215 215 215 215 215 214 214 214 214 213 213 212 211 210 210 209 209 209 209 209 209 209 209 209 209 208 209 209 209 211 213 218 225 231 237 241 249 258 264 271 282 298 322 345 361 367 367 364 354 336 309 278 247 232 241 261 286 320 340 362 381 396 407 410 413
213 213 213 213 213 213 213 212 212 212 212 212 212 212 212 212 212 212 212 212 212 212 212 212 211 209 209 210 212 214 215 215 215 215 214 214 214 213 213 213 212 211 210 210 209 209 209 209 209 209 209 209 209 209 208 209 212 214 217 221 227 235 245 254 261 270 278 289 303 320 332 353 372 381 383 382 377 366 340 306 275 250 234 240 258 275 308 337 360 375 388 397 403 404
213 213 213 213 213 213 213 213 212 212 212 212 212 212 212 212 212 212 212 212 212 212 212 212 212 211 210 209 211 213 214 215 215 214 214 213 213 213 213 212 212 211 210 210 209 209 209 209 209 209 209 209 209 209 209 212 216 220 223 229 238 251 268 277 286 293 301 316 335 352 364 377 388 393 393 390 383 367 337 305 277 253 233 240 268 288 309 338 358 369 380 390 396 403
213 214 214 214 213 213 213 213 213 213 213 213 213 212 212 212 212 212 212 212 212 212 212 212 212 212 211 210 211 211 213 214 213 213 212 212 212 212 212 211 211 210 210 210 209 209 209 209 209 209 209 209 209 210 212 216 221 224 230 238 254 274 293 305 311 313 322 340 359 377 388 396 402 405 404 397 385 365 334 304 279 255 234 241 278 307 323 342 356 364 376 386 395 402
214 214 214 214 214 213 213 213 213 213 213 213 213 213 213 213 213 212 212 212 212 212 212 212 212 212 212 211 210 210 211 213 211 210 211 211 211 211 210 210 210 210 210 209 209 209 209 209 209 209 209 209 210 211 215 220 225 230 240 257 277 300 317 326 328 332 344 363 383 400 407 413 417 415 413 406 388 361 330 298 276 257 236 249 286 321 341 355 363 368 377 387 395 400
214 214 214 214 214 214 213 213 213 213 213 213 213 213 213 213 213 213 213 213 213 212 212 212 212 212 212 211 210 210 210 211 209 209 209 210 210 210 209 209 209 209 209 209 209 209 209 209 208 208 209 209 211 213 218 224 232 242 259 283 307 323 333 338 342 350 368 390 408 417 420 423 424 420 418 409 385 354 323 297 275 258 242 253 290 327 353 366 371 376 383 391 398 406
214 214 214 214 214 214 214 213 213 213 213 213 213 213 213 213 213 213 213 213 213 213 212 212 212 212 212 211 211 211 211 212 211 210 209 209 210 209 209 209 209 209 209 209 209 209 209 209 209 209 209 210 211 215 222 232 243 262 285 310 327 337 343 349 358 376 400 419 425 426 426 426 426 424 421 409 381 351 324 300 278 261 245 245 293 332 358 370 377 385 392 397 405 413
214 214 215 214 214 214 214 214 213 213 213 213 213 213 213 213 213 213 213 213 213 213 213 212 212 212 212 211 211 212 212 212 213 212 210 210 210 211 210 210 209 209 209 209 209 209 209 209 209 210 211 211 213 219 230 243 260 281 305 325 337 345 353 366 385 408 430 438 433 428 424 424 425 424 420 405 384 358 330 304 282 266 250 241 297 332 349 365 381 394 401 406 413 420
214 215 215 215 214 214 214 214 213 213 213 213 213 213 213 213 213 213 213 213 213 213 213 213 212 212 212 212 212 212 212 213 213 213 212 211 211 212 212 211 211 210 210 210 210 210 210 210 211 212 212 214 217 228 240 256 275 293 314 331 342 353 370 392 414 434 443 440 433 426 421 419 422 421 417 409 393 366 338 311 288 271 254 252 293 322 343 362 384 401 410 415 419 423
215 215 215 215 214 214 214 214 214 214 214 214 214 214 213 213 213 213 213 213 213 213 213 213 212 212 212 212 212 212 212 213 213 213 213 212 212 213 213 212 212 211 211 211 211 211 211 212 213 214 214 219 234 242 252 268 284 299 317 333 348 366 392 420 438 445 441 435 428 421 417 417 418 418 416 413 400 374 345 319 296 278 260 254 289 320 344 365 385 403 413 419 419 420
215 215 215 215 215 214 214 214 214 214 214 214 214 214 214 214 214 214 213 213 213 213 213 213 213 212 212 212 212 212 212 212 213 213 213 213 213 213 213 213 213 213 212 212 212 212 213 214 215 216 219 239 246 256 266 277 288 302 318 337 358 382 412 439 447 444 438 429 422 418 416 416 418 418 417 418 406 377 351 326 304 286 267 260 292 323 342 363 381 396 408 413 410 405
215 215 215 215 215 214 214 214 214 214 214 214 214 214 214 214 214 214 214 214 214 214 213 213 213 213 212 212 212 212 212 212 212 213 213 213 213 214 214 214 214 214 213 213 213 214 214 215 216 218 228 246 257 267 279 290 298 308 321 347 372 399 431 447 446 441 430 422 418 417 417 420 425 425 423 422 406 383 359 334 311 291 273 264 287 316 331 350 371 385 393 392 386 380
215 215 215 215 215 214 214 214 214 214 214 214 214 214 214 214 214 214 214 214 214 214 214 213 213 213 213 212 212 212 212 212 212 212 213 213 213 214 214 214 214 214 214 214 214 215 215 216 217 219 230 251 267 280 292 302 311 321 338 363 388 419 443 446 439 430 421 416 417 420 421 429 437 436 431 421 410 392 366 341 319 297 278 267 274 288 308 328 349 369 368 359 350 345
215 215 215 215 215 214 214 214 214 214 214 214 214 214 214 214 214 214 214 214 214 214 214 214 213 213 213 213 213 213 212 212 212 212 212 213 213 214 214 214 215 215 215 215 215 215 216 216 217 219 224 253 279 293 304 314 324 336 356 380 408 440 445 441 430 420 416 418 422 424 428 438 446 449 443 431 419 400 372 347 327 305 286 272 267 269 279 296 313 333 335 326 321 316
215 215 215 215 215 215 214 214 214 215 215 214 214 214 214 214 214 214 214 214 214 214 214 214 214 213 213 213 213 213 213 213 212 212 212 213 213 213 214 214 215 215 215 215 216 216 216 216 217 218 222 253 287 303 313 323 335 351 372 398 429 442 439 430 420 415 417 423 427 430 433 441 455 463 458 446 432 410 381 355 335 314 295 280 270 266 265 271 281 291 300 301 300 296
215 215 215 215 215 215 215 215 215 215 215 215 215 215 215 215 214 214 214 214 214 214 214 214 214 213 213 213 213 213 213 213 213 212 212 213 213 213 214 214 214 215 215 216 216 216 216 216 217 218 220 250 286 306 320 331 344 363 389 417 429 429 425 417 413 416 423 430 435 437 439 451 469 479 473 461 446 423 395 371 349 326 307 291 281 275 270 264 264 267 273 281 281 278
215 215 215 215 215 215 215 215 215 215 215 215 215 215 215 215 215 215 215 215 214 214 214 214 214 214 213 213 213 213 213 213 213 213 213 213 213 213 213 214 214 214 215 215 216 216 216 216 217 218 219 246 280 305 325 338 352 377 405 419 411 406 404 402 413 422 430 437 443 444 449 464 486 499 492 476 457 434 414 398 373 349 328 315 302 287 279 271 266 266 268 272 278 279
216 215 215 215 215 215 215 215 215 215 215 215 215 215 215 215 215 215 215 215 215 215 214 214 214 214 214 214 213 213 213 213 213 213 213 213 213 213 213 213 214 214 215 215 216 216 216 216 217 217 219 245 276 308 329 343 359 386 403 397 386 383 395 407 421 429 436 444 449 453 461 479 508 522 509 489 467 444 427 416 404 383 360 342 328 313 296 284 287 285 282 293 306 310
216 216 215 215 215 215 215 215 215 215 215 215 215 215 215 215 215 215 215 215 215 215 215 214 214 214 214 214 214 214 213 213 213 213 213 213 213 213 213 213 213 214 214 215 215 216 216 216 217 218 219 242 276 308 331 346 361 377 383 377 372 393 408 419 428 436 443 451 458 464 474 497 525 533 521 501 479 455 437 430 422 412 394 370 350 336 316 304 309 311 315 331 343 330
216 216 216 216 216 215 215 215 215 215 215 215 215 215 215 215 215 215 215 215 215 215 215 215 214 214 214 214 214 214 214 214 214 214 214 214 214 214 214 213 213 214 214 214 215 216 216 216 217 218 219 238 274 305 329 346 359 360 360 363 386 408 419 426 434 441 449 458 468 478 490 514 537 544 532 514 491 467 450 444 435 427 414 395 370 348 328 330 339 341 354 369 365 335
216 216 216 216 216 216 216 216 215 216 216 216 215 215 215 215 215 215 215 215 215 215 215 215 215 214 214 214 214 214 214 214 214 214 214 214 214 214 214 214 214 214 214 214 215 215 216 217 217 218 220 234 267 301 325 337 339 341 355 381 405 420 427 431 435 443 451 462 477 490 506 528 548 555 543 526 505 480 462 454 447 435 423 408 387 360 357 370 377 373 390 400 379 350
