geoxygene-sig3d-gui/src/test/resources/mnt2.asc
ncols         201
nrows         201
xllcorner     914975.00
yllcorner     6449975.00
cellsize      50.00
NODATA_value  -9999
[rows 126 to 167 of 201, columns 0 to 93 of 201]
225 225 225 225 225 225 225 225 225 225 225 226 226 227 228 229 231 233 234 235 236 236 237 238 238 238 239 256 278 282 283 284 285 281 279 280 283 287 293 297 306 310 311 320 331 340 349 362 376 387 401 425 447 455 465 480 490 496 500 503 515 527 533 535 537 540 545 554 574 595 611 617 623 628 630 626 620 614 607 601 599 600 603 604 604 604 600 608 611 615 619 624 629 634
226 226 225 225 225 225 225 225 225 226 226 226 227 227 228 230 232 234 236 237 237 238 238 240 240 240 240 247 263 270 269 266 260 258 260 261 266 270 271 277 287 291 296 305 319 328 336 351 364 376 392 413 432 443 451 469 485 493 498 503 510 518 524 526 530 534 538 545 564 583 593 595 599 603 606 605 600 594 589 586 585 586 588 590 591 592 594 598 602 606 610 615 622 630
226 226 226 226 226 226 226 226 226 226 226 227 227 228 229 230 233 236 238 238 239 239 240 241 242 242 241 242 248 253 253 251 249 251 255 258 259 260 262 266 269 273 281 291 306 315 323 338 353 365 378 396 410 425 436 460 478 488 494 500 504 505 509 516 524 528 532 539 550 564 571 574 578 581 584 584 581 577 574 572 571 572 574 575 576 578 583 588 592 597 601 607 615 626
226 226 226 226 226 226 226 226 226 226 227 227 228 229 230 231 233 237 240 241 241 241 242 243 243 243 242 241 243 246 248 247 248 252 257 261 262 262 263 264 266 272 280 287 296 305 316 329 341 351 361 378 393 413 432 452 468 480 487 492 491 488 493 506 515 520 524 529 536 544 550 555 559 563 564 565 563 562 560 559 559 559 559 562 563 566 573 579 583 587 592 598 609 621
226 226 226 226 226 226 226 226 226 226 227 227 229 230 231 231 231 235 242 244 245 246 247 248 247 245 244 243 245 247 250 251 253 257 262 265 266 268 270 271 273 282 291 295 296 302 312 323 331 340 352 368 383 402 419 436 451 466 475 472 463 473 487 498 504 508 511 515 519 525 531 537 543 547 548 549 548 548 547 547 547 547 548 550 553 559 565 570 574 578 583 591 602 615
227 227 227 227 226 226 227 227 227 227 227 228 229 231 231 230 229 231 242 249 252 253 255 255 255 251 249 249 251 252 254 258 259 261 265 268 271 274 277 278 282 295 307 314 311 306 308 315 322 330 343 359 371 383 396 413 431 447 455 443 441 469 485 489 492 495 497 501 505 509 514 520 527 533 536 536 536 536 536 536 536 536 537 540 544 550 556 562 565 568 575 585 597 609
227 227 227 227 227 227 227 227 227 227 228 228 229 230 230 229 229 231 243 253 259 260 263 264 266 262 262 262 262 260 259 265 267 268 270 271 274 279 283 286 295 311 324 332 330 320 313 311 314 321 329 342 354 361 370 387 405 424 430 428 442 463 474 479 481 482 483 487 493 498 502 507 513 520 524 525 525 525 525 525 525 526 528 530 535 541 547 552 555 559 567 578 591 604
227 227 227 227 227 227 227 227 228 228 228 229 229 229 228 228 228 231 244 255 264 267 270 276 285 289 287 283 280 276 273 274 276 276 276 275 277 282 288 295 306 324 339 346 345 337 325 318 317 317 320 327 338 347 353 367 382 399 408 419 442 458 463 467 469 470 472 477 484 489 493 497 502 508 513 515 516 516 516 515 515 517 519 521 528 533 538 542 546 552 562 572 584 598
228 228 228 227 227 227 228 228 228 228 229 229 228 227 226 226 227 230 245 255 267 275 276 288 306 314 313 310 306 299 293 288 286 285 284 280 281 287 293 303 318 339 355 360 359 353 343 333 326 324 321 321 330 340 348 358 369 381 396 414 437 451 456 456 458 460 463 468 474 479 484 488 493 498 503 506 507 507 507 507 507 509 511 516 523 526 528 533 539 547 556 565 576 588
228 228 228 228 228 228 228 228 228 229 229 229 228 226 225 225 226 230 244 254 267 281 285 300 320 333 336 337 332 323 313 306 300 296 294 291 291 294 301 313 331 353 368 374 373 369 361 352 343 336 332 329 332 338 343 352 367 384 398 415 426 444 449 448 450 452 455 460 465 470 474 479 484 490 494 497 498 498 499 499 499 501 505 510 516 518 519 525 533 541 549 557 567 576
228 228 228 228 228 228 228 228 229 229 229 228 227 227 225 225 228 232 243 253 263 278 290 307 326 342 352 357 354 347 339 328 317 312 307 305 303 304 310 324 345 366 380 386 386 382 376 369 360 352 347 343 341 340 342 350 369 388 398 409 414 428 439 440 442 445 448 453 457 462 466 471 476 481 486 488 490 490 491 491 492 494 498 503 507 510 514 520 528 536 543 551 557 563
229 228 228 228 228 228 228 229 229 229 229 228 227 229 231 232 234 237 243 251 260 271 286 309 330 345 356 364 366 364 362 356 345 332 325 320 317 316 320 338 359 379 392 397 398 394 388 383 376 367 359 351 343 344 344 350 367 386 395 402 407 417 428 431 434 437 440 445 450 455 459 465 470 474 477 480 482 482 483 483 484 487 491 495 500 505 510 515 522 530 537 544 550 553
229 229 229 229 229 229 229 229 229 229 229 230 230 234 240 242 240 240 244 249 256 266 278 305 328 341 351 365 369 369 371 371 367 357 346 338 333 329 336 353 373 392 403 407 406 402 396 391 384 376 368 357 344 341 345 351 364 381 391 397 400 411 419 422 426 430 434 438 444 448 454 461 465 468 470 472 474 475 476 476 477 480 484 489 495 502 507 511 516 524 532 538 543 546
229 229 229 229 229 229 229 229 229 229 229 230 236 241 243 245 243 243 245 248 253 262 275 296 319 333 345 360 373 371 371 373 374 369 363 357 351 347 355 366 384 401 410 412 409 404 398 394 388 381 372 361 346 341 345 351 363 377 387 392 398 406 412 415 419 425 429 434 438 443 449 456 460 462 463 465 467 468 469 470 472 475 479 485 493 500 505 509 514 520 526 532 537 541
229 229 229 229 229 229 229 230 230 229 230 233 238 241 243 244 244 245 246 248 251 257 269 286 306 323 337 352 369 370 364 369 373 372 369 368 366 362 367 376 393 407 413 414 411 405 398 394 389 383 375 364 349 342 342 349 361 372 382 389 397 404 408 411 415 420 426 430 433 439 444 450 454 456 457 459 460 462 463 464 468 473 479 485 492 498 503 508 511 515 520 526 532 536
229 229 229 229 229 229 229 230 230 231 233 235 237 238 240 242 243 245 247 248 250 254 262 276 294 312 328 343 355 359 358 365 369 370 370 372 373 371 373 383 399 409 415 415 412 406 399 394 390 385 377 365 351 342 341 348 359 369 377 385 394 400 404 407 411 417 422 426 429 434 439 444 448 451 452 453 455 456 458 460 466 473 480 486 492 497 502 506 509 512 515 520 526 530
229 229 230 230 229 229 229 230 231 233 235 236 237 237 238 239 241 244 247 249 250 253 258 267 283 300 318 332 343 350 356 361 365 366 368 370 372 373 375 385 401 412 416 418 414 407 400 395 391 386 380 368 354 342 339 346 358 368 375 383 391 396 400 404 408 413 418 421 425 431 435 439 443 446 447 448 450 453 456 461 467 474 481 486 491 496 500 504 507 510 512 516 521 525
229 230 230 230 230 229 229 231 235 237 238 239 239 238 237 238 239 242 246 248 250 252 256 261 273 289 306 321 332 341 348 354 359 362 363 366 368 369 373 385 402 413 420 421 416 409 402 397 392 388 381 370 357 342 338 345 358 368 376 383 389 393 396 400 404 409 413 417 422 427 431 435 438 441 442 444 447 450 455 460 467 474 480 485 489 493 497 501 505 508 511 514 517 519
233 232 231 230 230 230 233 238 240 242 243 243 243 242 240 239 239 242 245 248 250 252 255 258 266 279 295 310 322 332 341 347 352 355 358 362 365 367 373 387 404 416 423 424 418 411 405 399 395 390 383 372 358 344 338 345 358 368 376 383 387 390 394 397 401 406 410 414 419 424 428 430 433 436 438 440 444 449 454 460 466 472 478 482 486 491 494 498 502 505 508 511 514 517
249 245 238 236 238 240 244 245 246 248 248 248 248 247 244 241 241 242 245 248 250 253 255 257 263 273 284 299 312 324 334 340 345 349 354 358 363 368 377 390 407 419 425 426 420 413 408 403 398 392 383 373 359 345 339 344 355 366 374 381 385 388 391 394 399 403 407 412 417 420 423 426 428 431 435 439 443 448 453 458 464 470 474 479 483 488 492 496 500 503 506 509 512 516
270 261 252 247 247 248 251 252 253 254 254 254 254 252 249 247 245 245 247 249 251 253 255 258 262 269 278 291 304 318 329 336 341 347 351 356 362 371 381 395 410 422 428 428 422 415 411 406 401 393 384 374 360 347 340 344 354 364 372 378 382 385 388 391 396 401 404 408 414 418 418 421 423 428 433 438 443 447 452 457 462 467 472 475 480 485 490 494 498 502 504 507 510 515
290 279 269 261 254 254 257 259 260 261 260 260 260 259 256 252 250 249 250 251 253 255 256 258 261 268 277 287 299 312 324 333 341 348 353 359 367 376 386 399 413 426 431 431 425 419 414 409 402 394 385 374 361 350 344 347 355 364 370 375 378 381 384 387 392 399 401 403 413 420 419 419 422 426 431 436 441 446 451 456 461 466 469 472 477 482 488 493 497 500 503 506 509 514
311 302 288 277 266 263 264 266 267 268 267 265 264 263 261 257 255 253 254 255 255 256 257 259 262 270 279 287 297 309 322 335 346 354 361 369 377 386 393 405 419 431 437 437 433 426 418 410 402 394 384 373 360 352 348 350 357 364 369 372 375 378 380 383 387 394 398 403 411 418 421 421 422 424 427 432 439 445 450 455 461 464 465 469 475 482 488 492 495 498 501 504 508 512
330 324 312 298 285 275 272 273 275 276 274 270 268 266 265 262 259 258 258 259 259 258 259 260 263 271 281 290 300 312 326 343 357 366 374 383 392 399 406 416 428 440 446 447 442 433 421 411 403 393 382 370 360 353 350 352 357 363 366 370 374 377 378 380 385 392 398 403 409 414 418 420 420 421 422 428 437 443 448 453 458 461 460 466 476 483 488 491 494 496 499 502 506 511
344 339 332 320 307 293 282 280 282 284 280 275 272 269 267 266 264 263 263 264 265 263 262 262 265 272 282 293 306 322 340 358 369 379 388 398 407 415 423 432 442 453 459 458 451 438 423 412 403 391 379 368 359 353 351 352 355 359 362 367 373 377 381 383 387 393 398 401 406 411 414 416 417 417 418 423 432 439 445 449 452 454 456 464 476 484 488 490 492 493 497 501 505 510
356 351 345 336 327 314 299 291 290 290 286 281 277 273 271 269 268 268 268 270 270 269 267 266 267 272 282 297 316 335 354 370 381 391 402 412 422 431 440 450 460 469 473 467 456 441 424 411 400 388 376 366 358 353 351 351 354 356 360 367 373 378 383 386 389 394 399 402 404 408 411 413 414 415 417 420 427 433 440 444 446 448 453 462 475 484 487 488 488 491 495 500 505 510
364 362 355 348 341 331 316 304 298 295 293 290 285 278 277 275 273 273 274 275 277 276 274 272 270 272 283 304 327 349 367 381 391 403 416 427 437 448 458 468 478 485 484 473 459 442 424 409 396 384 374 366 358 353 351 351 353 356 360 367 374 380 384 387 389 392 396 398 401 406 408 410 411 413 415 418 421 427 434 439 439 444 452 463 476 482 484 484 484 488 494 500 505 510
372 371 365 356 352 347 332 317 306 302 300 299 296 290 286 283 281 280 279 280 283 282 280 278 275 276 286 312 342 364 380 392 404 417 431 443 454 466 477 486 494 495 489 475 458 440 422 405 391 380 373 366 358 354 351 351 353 355 360 366 374 381 385 386 387 389 390 393 398 403 406 407 408 410 412 415 417 420 429 434 437 444 452 461 469 475 479 480 481 487 494 501 506 512
378 378 375 367 366 364 349 330 314 308 311 311 309 305 301 298 294 291 288 288 290 290 288 286 281 284 296 323 358 378 391 404 418 434 447 460 473 486 498 505 507 501 490 474 455 435 417 401 387 377 371 365 359 354 353 352 353 356 358 364 373 381 383 384 384 384 385 388 394 399 402 404 406 407 410 412 415 420 426 432 439 446 451 454 458 465 473 480 484 489 495 502 508 514
385 385 385 380 382 382 365 344 322 314 323 326 323 321 320 317 312 305 300 299 299 298 297 295 293 294 304 329 367 386 400 415 430 448 464 478 492 505 515 521 513 503 490 472 450 431 414 398 385 376 370 365 360 356 354 354 355 356 358 361 368 374 378 380 380 380 380 381 386 392 397 400 402 404 407 410 413 419 424 427 435 442 444 445 447 460 473 482 488 492 497 503 509 516
393 393 391 390 391 389 375 356 331 322 336 345 344 342 342 341 334 321 316 312 308 307 307 306 305 307 309 328 368 390 408 424 442 462 481 497 510 521 524 520 512 500 486 467 445 426 410 395 383 376 371 365 360 357 355 355 356 357 358 360 364 370 374 376 377 377 377 378 380 384 389 393 396 401 405 407 410 415 419 421 421 426 432 439 448 463 477 487 492 495 499 504 511 519
401 400 397 396 397 395 384 367 345 328 349 364 364 363 365 367 359 344 333 328 318 314 319 318 316 320 317 328 365 392 414 433 453 475 495 513 524 528 526 518 507 492 478 460 440 422 406 393 382 376 371 366 361 358 356 356 357 359 360 362 364 368 371 373 376 377 378 379 380 380 382 386 391 397 402 405 406 412 419 420 419 423 433 440 454 473 485 492 496 498 501 505 512 521
409 407 403 401 406 406 394 377 355 337 356 373 381 384 386 385 377 360 350 349 331 322 328 330 328 327 326 335 367 396 418 439 462 485 505 522 531 532 525 514 499 483 467 450 433 417 402 390 381 376 372 367 363 359 358 358 359 361 363 365 367 370 372 373 377 380 381 383 383 382 380 382 389 395 398 401 402 414 422 424 428 437 442 447 458 476 490 495 498 500 503 507 512 520
417 414 412 413 418 416 404 384 361 344 361 381 395 401 403 401 390 374 366 364 340 338 341 341 337 330 331 344 370 399 422 444 468 490 508 523 532 532 525 509 490 474 458 442 426 411 398 387 379 375 372 369 365 362 360 359 361 364 366 369 371 372 374 376 380 383 386 388 388 387 384 386 391 396 399 400 404 417 425 429 435 442 449 455 462 470 484 493 497 501 505 509 513 518
424 421 422 425 428 427 414 388 366 350 369 390 406 411 412 408 398 384 374 365 349 357 359 351 343 335 335 352 375 402 425 447 470 490 506 521 530 529 520 501 480 465 450 435 420 406 393 384 377 374 372 369 367 365 363 362 363 367 370 372 373 375 377 380 383 387 390 393 395 393 390 391 395 399 403 406 409 417 425 430 435 442 452 462 471 476 479 485 495 503 508 512 515 517
430 429 430 433 435 433 420 393 370 357 379 401 416 418 416 410 400 387 373 362 365 375 373 362 351 342 336 352 377 402 424 445 466 485 502 519 522 521 511 491 472 457 443 429 414 400 389 380 375 373 371 369 369 368 366 365 365 369 372 373 375 376 379 382 386 390 393 397 401 398 394 394 397 402 406 409 412 415 422 429 434 441 453 467 478 483 482 484 494 504 511 515 518 518
434 435 437 440 442 438 425 400 375 363 388 410 422 424 420 412 402 388 372 372 386 392 388 375 361 350 341 348 372 397 420 438 454 473 490 502 506 502 494 481 465 451 437 422 408 395 384 377 374 372 370 370 371 371 369 367 367 369 372 374 376 378 381 385 389 393 396 400 402 399 396 395 395 401 405 409 412 415 420 427 432 441 454 470 482 487 488 490 496 506 514 518 521 521
438 440 444 448 448 440 424 402 381 368 393 414 425 425 421 415 405 392 376 392 405 405 400 386 370 358 347 345 366 391 413 426 439 455 470 479 482 481 476 469 457 443 429 415 401 389 380 374 372 372 371 372 372 372 371 369 369 369 370 374 377 380 384 389 393 396 399 401 402 400 397 395 395 397 403 407 411 414 418 425 432 441 454 469 482 489 491 494 499 507 516 521 523 524
442 446 450 455 453 442 426 403 385 372 398 417 425 426 422 416 408 394 390 406 413 411 403 392 379 366 354 344 360 383 402 412 422 435 449 456 459 460 458 454 445 433 420 406 394 384 376 373 372 372 373 373 374 373 372 371 371 370 371 375 379 383 388 392 396 399 401 403 403 401 398 396 395 396 399 404 408 412 416 423 430 440 453 465 478 487 491 493 498 505 513 519 522 525
447 449 453 457 455 444 428 407 389 379 401 418 425 427 424 417 408 395 402 413 417 414 406 397 387 373 360 349 356 371 388 397 405 418 429 435 438 440 440 437 429 419 409 396 386 379 374 372 372 373 374 375 375 374 373 373 373 372 373 377 381 387 393 397 400 402 404 404 404 402 400 398 396 396 397 401 405 408 412 418 426 437 448 457 469 481 485 487 493 501 507 511 514 523
449 451 453 454 451 442 427 409 396 388 401 417 426 427 424 416 410 400 411 420 418 415 410 403 394 381 366 354 352 363 376 385 392 403 412 415 418 421 421 419 413 405 396 387 379 375 372 371 373 375 376 376 375 375 375 375 375 375 376 378 384 391 398 402 404 406 406 406 405 404 402 400 398 398 397 399 402 405 408 413 419 427 437 445 456 466 473 476 488 495 498 501 505 513
448 450 451 450 446 441 428 414 407 400 390 415 426 428 423 422 418 406 417 424 423 418 414 409 402 390 374 360 353 357 367 374 381 390 396 398 400 402 404 404 399 393 386 379 375 372 371 372 375 378 378 377 376 376 376 377 378 378 378 379 385 393 401 405 408 409 409 408 407 406 404 402 401 400 399 399 400 402 406 410 414 419 426 434 440 448 457 471 483 486 488 490 494 499
