geoxygene-sig3d-gui/src/test/resources/mnt2.asc
ncols         201
nrows         201
xllcorner     914975.00
yllcorner     6449975.00
cellsize      50.00
NODATA_value  -9999
[rows 0 to 41 of 201, columns 94 to 187 of 201]
214 214 215 215 216 216 217 217 217 217 217 217 216 216 216 216 216 217 217 217 217 217 217 217 218 218 218 218 218 219 219 221 221 221 220 219 217 216 216 216 217 217 217 218 219 219 219 219 220 221 222 223 224 225 227 228 230 231 233 235 235 236 236 237 239 241 242 240 240 237 236 238 243 258 273 288 305 326 348 367 386 405 422 431 435 435 439 455 473 491 514 535 546 524
213 214 215 215 216 216 216 217 217 217 217 216 216 216 216 216 216 216 217 217 217 217 217 217 217 218 218 218 218 219 220 221 220 220 219 217 216 216 216 217 217 218 218 219 219 219 219 219 221 222 223 224 225 226 227 228 230 232 234 235 236 236 237 239 243 246 247 247 246 245 247 255 269 285 301 319 343 365 380 395 413 430 444 450 452 453 458 474 492 512 538 559 570 562
213 214 214 215 215 216 216 216 216 216 216 216 216 216 216 216 216 216 217 217 217 217 217 217 217 217 218 218 219 219 220 220 219 218 218 217 217 217 217 218 218 218 219 219 219 219 219 220 221 222 224 225 226 227 228 229 230 232 234 236 236 237 238 242 247 252 254 255 256 258 265 282 298 314 334 354 381 398 407 416 433 446 455 459 462 466 474 492 515 542 566 579 588 585
212 213 214 214 215 215 216 216 216 216 216 216 216 216 216 216 216 216 216 216 217 217 217 217 217 217 218 218 219 219 219 219 218 218 217 217 217 218 218 218 219 219 219 219 219 219 219 219 221 223 224 225 226 228 230 230 231 233 234 236 237 238 240 246 252 257 259 261 266 274 291 313 333 355 372 392 409 418 423 431 444 454 461 466 471 479 494 515 547 573 587 598 609 606
212 212 213 214 215 215 216 216 216 216 216 216 216 216 216 216 216 216 216 216 216 217 217 217 217 217 218 218 219 219 218 218 217 217 217 218 218 218 218 219 219 219 219 219 219 219 219 219 221 222 224 225 226 228 230 231 232 233 234 236 238 241 244 249 255 260 263 264 269 285 314 341 367 389 406 418 425 430 435 443 451 459 466 473 483 499 522 554 579 595 607 622 636 632
210 211 212 213 214 215 215 216 216 216 216 216 216 216 216 216 216 216 216 216 216 216 217 217 217 218 218 218 218 218 218 217 217 217 218 218 218 218 219 219 219 219 219 219 219 219 219 219 220 222 224 225 226 228 229 229 230 232 234 236 238 241 245 250 259 265 268 265 264 277 311 349 388 414 426 431 436 441 447 453 458 464 474 487 504 532 562 583 597 609 622 639 652 655
209 210 212 213 214 214 215 215 215 215 215 216 216 216 215 215 216 216 216 216 216 216 216 217 217 218 218 218 218 218 217 217 217 217 218 218 218 218 219 219 219 219 219 219 219 219 219 219 220 222 224 226 227 227 228 228 230 232 234 236 237 237 240 250 265 276 278 269 260 272 302 342 390 424 436 442 447 452 456 460 465 472 489 511 539 567 581 592 603 610 625 643 659 671
209 209 211 212 213 214 215 215 215 215 215 215 215 215 215 215 215 216 216 216 216 216 216 217 217 218 218 218 218 217 217 217 217 217 218 218 218 218 218 219 219 219 219 219 219 219 219 220 221 223 225 226 227 227 227 228 230 232 234 235 236 237 243 259 276 294 297 278 263 262 292 335 382 422 438 448 455 460 461 463 471 485 511 540 564 575 579 584 591 603 623 643 661 674
209 209 210 211 213 214 214 215 215 215 215 215 215 215 215 215 215 215 216 216 216 216 216 217 217 217 217 217 217 217 217 217 217 217 218 218 218 218 218 219 219 219 219 219 219 219 220 221 222 224 226 227 227 226 227 228 230 232 234 234 235 241 254 274 294 315 319 291 267 255 282 327 362 405 426 442 455 461 460 461 473 496 522 544 559 564 564 567 582 601 624 644 660 671
210 210 210 211 212 213 214 215 215 215 215 215 215 215 215 215 215 215 215 215 216 216 216 217 217 217 217 217 217 216 217 217 217 218 218 218 218 218 219 219 219 219 219 219 219 219 220 222 224 226 227 227 227 226 226 227 230 231 232 233 236 248 269 291 312 332 333 308 278 257 268 307 338 366 400 423 444 449 450 455 474 494 511 530 543 545 546 561 580 602 625 645 657 664
211 210 210 211 212 213 214 214 214 215 215 215 215 215 215 215 215 215 215 215 216 216 216 217 217 217 217 216 216 217 217 217 218 218 218 218 218 219 219 219 219 219 219 219 219 219 220 223 225 227 228 228 228 227 227 228 230 231 232 235 244 264 289 311 332 349 345 325 291 269 262 273 309 338 365 395 416 425 440 450 466 482 498 514 525 531 546 565 583 603 624 641 651 653
210 210 211 211 212 213 213 214 214 214 214 214 215 215 214 215 215 215 215 215 216 216 216 216 217 216 216 216 216 217 217 217 218 218 218 218 218 219 219 219 219 219 219 219 219 218 219 222 226 228 229 229 229 228 228 228 230 231 233 242 263 289 315 336 355 371 367 345 315 287 271 264 274 308 339 368 390 410 452 456 461 474 488 500 516 535 554 571 588 605 621 632 642 640
210 211 211 211 212 212 213 213 214 214 214 214 214 214 214 214 215 215 215 215 216 216 216 216 216 216 216 216 217 217 217 217 217 217 218 218 218 218 219 219 219 219 219 219 219 219 218 220 224 228 229 230 230 229 228 229 230 232 240 262 291 320 341 359 375 394 402 377 346 317 293 275 266 275 306 338 357 391 446 465 475 483 491 504 522 548 567 579 593 608 620 627 631 627
211 211 211 212 212 212 213 213 213 214 214 214 214 214 214 214 214 215 215 215 215 216 216 216 216 216 216 216 217 217 217 217 217 217 217 218 218 218 218 218 219 219 219 219 219 219 218 218 220 225 228 229 230 230 229 229 230 237 260 292 321 345 362 378 395 422 441 417 380 352 329 304 281 270 276 301 337 375 426 461 480 490 500 512 531 555 573 585 598 611 619 621 619 612
211 211 212 212 212 212 213 213 213 214 214 214 214 214 214 214 214 214 215 215 215 216 216 216 216 216 216 216 216 216 216 216 216 217 217 217 217 218 218 218 218 219 219 219 219 219 219 218 218 219 222 227 230 230 229 229 235 259 293 323 343 361 378 397 423 452 472 460 434 401 372 349 319 287 272 281 328 364 403 445 472 489 502 519 537 560 575 586 600 609 612 610 604 595
211 212 212 212 212 212 213 213 213 213 214 214 214 214 214 214 214 214 215 215 215 215 215 216 216 216 216 216 216 216 216 216 216 216 216 217 217 217 217 218 218 218 218 219 219 219 219 219 218 217 219 223 228 230 231 235 257 290 322 344 360 375 394 422 451 477 494 485 466 448 423 392 359 324 288 266 313 355 387 426 457 479 498 515 538 557 572 583 594 597 595 591 582 583
212 212 212 212 212 212 213 213 213 213 214 214 214 214 214 214 214 214 214 215 215 215 215 216 216 216 216 216 216 216 215 215 216 216 216 216 217 217 217 217 218 218 218 219 219 219 220 219 219 218 220 222 227 232 237 259 290 314 340 360 374 391 417 448 476 498 515 508 489 472 453 414 376 342 300 274 284 330 365 403 441 467 492 518 535 548 564 575 576 573 567 563 564 584
212 212 212 212 212 213 213 213 213 213 214 214 214 214 214 214 214 214 214 215 215 215 216 216 216 216 216 216 215 215 215 215 215 216 216 216 217 217 217 217 218 218 218 219 219 219 220 219 219 219 220 223 229 240 262 289 314 335 356 373 390 413 444 472 494 512 526 525 507 492 474 431 387 354 318 295 283 295 337 372 415 455 484 505 521 528 553 562 555 546 540 550 569 591
212 212 212 212 213 213 213 213 214 214 214 214 214 214 214 214 214 214 214 215 215 215 216 216 216 216 216 215 215 215 215 215 215 216 216 216 217 217 217 217 218 218 218 219 219 219 219 219 219 219 221 226 238 264 287 310 333 351 370 387 409 439 470 492 508 523 533 532 517 506 490 441 400 372 351 333 310 295 312 346 386 434 470 487 495 520 539 541 534 525 531 556 577 590
212 212 212 212 213 213 213 214 214 214 214 214 214 214 214 214 214 214 215 215 215 216 216 216 216 216 215 215 215 215 215 215 216 216 216 217 217 217 217 218 218 218 219 219 219 219 219 219 219 219 225 237 262 288 304 326 349 366 385 408 436 470 496 511 522 534 541 540 530 521 508 486 444 414 403 383 360 327 307 326 365 409 451 468 484 518 525 519 513 520 542 564 580 591
212 212 212 213 213 213 214 214 214 215 215 215 215 214 214 214 214 214 215 215 215 216 216 216 216 215 215 215 215 215 215 216 216 216 217 217 217 217 218 218 218 219 219 219 220 220 220 220 220 221 237 261 288 308 328 351 369 385 405 436 472 498 517 529 539 548 554 553 545 534 518 506 487 466 455 430 413 368 322 313 344 390 430 453 484 502 504 502 511 529 552 570 582 593
212 212 212 213 213 213 214 214 215 215 215 215 215 215 215 215 215 215 215 215 215 215 215 215 215 215 215 215 215 216 216 216 216 217 217 217 218 218 218 219 219 219 218 219 220 221 222 222 228 240 265 290 313 336 360 375 387 404 426 462 498 520 535 545 556 569 576 571 559 545 529 517 504 489 476 455 442 413 355 322 323 369 402 434 471 489 490 506 524 539 557 571 583 598
212 212 212 212 213 213 214 214 215 215 215 215 215 215 215 215 215 215 215 215 215 215 215 215 215 215 215 216 216 216 216 217 217 217 218 218 218 219 219 219 219 218 218 219 220 222 226 232 246 271 293 316 340 363 380 393 408 428 450 485 520 539 550 562 577 593 598 586 570 554 540 528 516 503 486 471 470 454 390 336 318 345 395 437 465 478 489 512 530 544 558 571 588 610
211 211 212 212 213 213 214 214 214 215 215 215 215 215 215 215 215 215 215 216 216 216 216 216 216 216 216 217 217 217 217 217 217 218 218 219 219 219 219 219 218 218 218 219 222 227 234 246 261 283 311 337 364 383 398 412 431 453 475 511 539 555 567 580 596 606 604 591 575 559 545 532 521 510 498 483 488 479 444 376 335 323 376 426 456 470 485 508 530 546 559 576 598 632
211 211 211 212 212 212 213 213 214 214 215 215 215 215 215 215 215 215 216 216 216 216 216 216 217 217 217 218 218 218 219 219 218 218 219 220 220 220 219 219 218 218 220 222 226 235 249 265 278 290 318 354 382 402 415 429 453 478 505 529 551 568 580 593 605 607 600 588 572 557 544 532 520 512 507 504 504 496 472 446 383 325 359 411 448 468 484 505 527 545 563 588 618 645
210 211 211 211 211 212 212 212 213 213 214 214 215 215 215 215 215 215 216 216 216 216 217 217 217 218 218 218 218 219 221 221 220 221 223 224 222 220 220 219 219 221 225 230 238 251 268 286 304 314 325 363 393 412 427 445 472 491 513 531 552 570 583 599 603 600 592 581 567 553 542 530 518 512 516 522 521 512 487 464 424 363 346 398 445 465 478 498 519 541 567 595 630 646
210 210 210 210 210 210 211 211 212 212 213 213 214 214 214 215 215 215 215 216 216 216 217 217 218 218 218 218 219 221 223 224 224 226 228 230 230 229 225 223 226 234 239 249 262 277 291 308 331 351 356 358 385 407 426 446 466 484 503 519 537 560 577 591 595 590 583 574 562 550 539 528 518 517 527 537 538 526 502 473 438 409 360 370 424 459 473 490 509 532 560 592 623 634
211 210 211 210 210 210 210 210 210 211 211 212 213 214 214 214 214 215 215 215 216 216 217 217 218 219 218 218 219 222 224 227 229 231 233 234 234 234 232 233 240 250 262 276 288 300 315 334 359 381 388 383 383 394 414 437 457 473 490 505 520 545 568 579 581 578 574 568 558 548 538 528 523 528 539 550 555 538 513 483 447 439 392 358 383 441 466 479 498 524 551 581 605 608
212 211 211 211 211 211 210 210 210 210 210 211 212 213 213 214 214 214 215 215 216 216 217 217 218 219 219 218 219 221 225 229 232 234 238 239 238 236 238 245 256 268 283 297 309 324 341 363 384 404 415 412 408 404 408 435 454 474 484 502 519 539 560 566 566 565 567 564 557 548 539 533 533 540 550 560 563 547 518 486 459 460 428 367 360 395 449 469 487 516 542 565 578 581
212 212 212 211 211 211 211 211 211 210 210 210 211 212 213 213 213 214 214 215 216 216 217 217 218 219 219 219 220 223 228 231 233 237 242 245 246 246 255 267 276 288 302 316 332 351 371 392 410 428 440 436 436 430 417 440 458 482 492 504 521 536 550 557 557 559 563 564 558 549 543 541 543 550 559 567 564 547 517 486 484 479 463 419 370 361 418 460 478 502 525 541 551 555
213 212 212 212 212 211 211 211 211 211 211 210 210 211 212 212 213 213 214 215 215 216 217 218 218 219 219 220 222 225 230 232 236 241 247 252 257 266 281 291 302 311 323 341 360 380 400 417 434 453 461 461 461 456 446 431 455 483 496 507 518 535 548 558 564 567 569 567 559 553 551 550 553 560 567 570 560 540 513 502 511 499 479 462 430 379 381 443 469 486 504 518 529 530
213 213 212 212 212 212 212 212 212 211 211 210 210 211 212 212 213 214 214 215 215 216 217 218 218 218 219 221 224 228 230 234 241 251 257 261 268 285 301 313 325 333 347 367 387 407 423 442 462 476 480 481 483 479 472 460 447 465 489 509 525 542 558 570 580 583 579 572 564 560 560 561 564 570 574 571 555 532 513 520 526 514 498 484 468 437 387 411 457 472 486 498 509 511
213 213 212 212 212 212 212 212 212 212 211 210 210 210 211 212 214 215 215 215 216 216 217 217 218 218 218 221 227 234 234 242 256 266 273 274 275 298 318 332 341 352 370 390 409 428 448 470 485 493 498 500 502 499 494 489 482 473 478 506 529 551 570 585 597 599 589 579 572 569 569 572 578 582 580 569 551 533 521 530 533 527 513 498 480 459 422 394 427 458 470 480 494 496
212 212 212 212 212 212 212 212 212 212 211 211 210 210 211 212 214 215 215 216 217 217 217 217 217 216 218 223 233 241 251 265 278 287 294 295 287 305 329 345 358 372 391 409 428 451 474 491 501 507 517 524 524 518 511 509 505 494 478 499 522 551 576 596 608 610 599 588 582 578 578 583 592 597 588 572 555 541 533 536 539 536 527 512 493 469 448 421 402 432 452 466 476 477
210 210 211 211 212 212 212 212 212 212 211 211 210 210 211 212 213 215 216 217 218 218 219 218 216 217 220 233 249 262 275 287 297 306 318 325 321 310 323 349 372 391 408 425 447 471 491 503 511 523 541 551 546 535 527 525 524 514 499 504 529 555 579 602 616 618 609 599 593 588 588 594 605 610 596 578 563 554 546 545 546 544 539 529 508 481 465 453 429 419 429 443 477 500
210 210 210 211 211 211 212 212 212 211 211 211 210 210 211 212 212 213 215 218 220 222 222 220 219 224 242 261 275 284 293 303 313 326 342 358 362 347 319 339 377 401 422 445 468 484 496 509 522 542 561 564 557 547 541 540 540 534 517 513 532 564 583 604 625 629 624 614 605 599 599 608 623 626 606 588 576 568 554 557 558 555 554 544 519 494 480 468 453 441 442 434 448 493
211 210 210 210 210 211 211 211 211 211 211 211 210 210 211 211 211 212 214 219 223 229 230 231 236 252 275 288 295 302 307 317 331 345 361 375 382 374 348 341 374 409 438 461 482 488 496 509 527 547 561 562 557 553 552 554 556 550 547 540 536 563 586 608 632 644 640 630 621 616 616 626 641 648 627 603 590 576 564 569 574 576 577 563 532 504 490 478 466 460 477 480 445 448
212 211 211 210 210 210 210 211 211 211 210 210 211 211 210 210 211 212 214 218 231 241 244 246 261 280 296 307 315 321 329 336 349 362 373 385 390 382 360 352 376 413 442 455 470 480 494 507 523 540 551 555 555 556 563 569 571 571 573 570 561 565 587 612 637 650 652 646 639 635 636 644 661 664 642 618 599 580 579 587 594 599 602 583 547 511 495 486 474 466 475 489 477 443
213 212 212 211 211 210 210 210 210 210 210 210 211 211 211 211 212 215 219 231 250 264 266 261 282 302 316 331 342 351 360 360 366 376 386 393 398 393 371 361 375 393 420 445 465 481 495 507 519 533 544 550 555 565 579 586 587 588 589 589 586 583 592 615 640 655 661 660 655 653 657 669 682 679 648 624 603 589 596 605 617 625 620 597 563 524 502 492 480 470 470 487 493 485
213 213 213 213 212 212 211 210 210 210 211 211 212 212 213 214 216 222 235 259 280 294 293 276 300 327 346 360 369 376 382 384 383 389 399 408 416 418 403 406 413 403 418 448 471 488 500 509 518 530 542 551 562 582 597 602 603 604 605 606 608 608 607 617 640 660 672 673 672 672 679 694 700 686 654 628 610 605 616 629 645 652 638 610 579 542 514 498 488 476 470 484 495 499
214 214 214 214 214 213 212 211 211 211 212 213 214 215 216 219 227 244 268 291 309 321 324 307 323 353 372 382 387 392 399 403 393 403 414 426 430 439 438 442 445 426 424 454 478 492 504 514 523 532 544 558 575 597 609 615 619 622 623 626 627 631 634 633 644 669 683 689 692 697 709 721 714 691 662 636 621 629 645 663 680 677 652 623 593 559 527 507 494 482 476 481 490 498
215 215 215 215 215 214 213 212 212 213 214 216 217 219 221 231 250 276 302 320 332 342 351 342 347 375 393 399 402 407 410 410 404 416 431 443 445 445 454 460 456 433 421 454 472 486 502 518 527 533 544 562 579 598 613 623 631 638 642 645 648 654 659 656 656 677 695 707 715 728 748 747 726 695 670 650 642 660 678 696 709 694 662 629 599 569 539 517 500 487 483 481 484 495
