geoxygene-sig3d-gui/src/main/resources/demo3d/bdalti/echantillon72/MNT_25M_asc.asc
ncols         401
nrows         401
xllcorner     464987.50
yllcorner     6734987.50
cellsize      25.00
NODATA_value  -9999
[rows 110 to 164 of 401, columns 288 to 383 of 401]
88 88 87 85 84 83 82 82 81 81 81 81 80 79 78 78 77 76 75 75 76 77 77 77 77 77 77 76 76 76 76 76 75 75 74 73 71 69 67 65 65 65 67 68 69 70 70 71 71 70 69 67 65 63 61 61 60 59 59 59 60 62 66 70 74 76 79 80 81 81 80 79 78 76 74 73 72 71 71 70 69 68 69 68 67 67 68 69 70 72 73 75 75 76 76 75
90 89 87 86 85 83 82 81 80 80 80 79 79 79 78 77 77 76 76 76 77 78 79 79 79 78 78 77 77 77 77 76 76 76 75 73 71 69 68 67 67 65 64 65 66 67 67 67 68 68 67 65 63 62 61 60 60 59 59 59 59 60 63 67 72 75 77 78 79 78 77 75 74 72 70 69 68 67 66 65 64 64 64 64 64 65 66 66 67 68 69 70 71 72 72 72
91 90 88 87 86 85 83 82 81 81 80 80 79 79 78 77 77 76 77 78 79 80 80 80 80 79 79 78 78 77 77 77 77 76 75 74 72 70 69 69 68 67 66 64 63 63 63 63 65 65 65 63 62 61 60 60 60 59 59 59 59 60 62 64 68 72 74 76 76 75 73 71 69 68 66 65 64 64 63 62 64 64 64 64 64 66 66 66 67 67 67 68 68 69 69 70
91 90 89 88 87 86 85 84 83 82 81 80 80 79 78 78 77 78 78 79 80 81 81 81 81 80 80 79 78 78 78 77 77 77 76 74 73 71 71 71 71 70 69 67 66 65 65 65 63 62 62 62 62 62 62 61 61 60 59 59 59 59 60 62 65 68 71 73 72 71 69 67 65 64 63 62 61 61 61 63 65 67 67 67 67 68 69 69 69 70 70 71 71 71 71 72
91 91 90 89 88 87 87 86 85 84 82 81 80 79 78 78 78 79 80 81 82 82 82 82 82 81 80 79 79 78 78 78 77 77 76 75 75 74 74 74 73 73 72 71 70 68 68 67 65 64 64 64 65 64 64 63 62 61 60 59 59 59 59 60 63 65 68 69 69 67 65 64 63 61 60 60 60 61 63 66 68 70 70 69 69 70 71 72 72 73 74 75 75 75 74 74
91 90 90 89 89 88 88 88 87 85 83 82 80 79 79 79 79 80 81 82 83 83 83 83 83 82 81 80 79 78 78 78 78 77 77 76 76 76 76 76 76 76 75 74 73 72 71 69 67 65 66 68 67 67 66 65 63 62 61 60 59 58 59 59 61 62 64 66 65 64 62 61 60 59 59 61 62 64 66 69 71 73 73 73 73 73 74 74 75 77 78 79 80 79 78 77
91 90 90 90 89 89 89 88 87 86 84 82 81 80 79 79 80 81 83 84 84 84 84 84 83 82 81 80 79 79 78 78 78 77 77 77 77 77 77 77 78 78 77 77 75 74 73 71 69 68 70 70 70 69 67 66 65 63 62 60 59 58 58 58 59 60 61 62 62 61 60 58 58 60 62 64 65 67 69 71 74 75 77 78 78 78 77 77 79 81 82 83 83 82 82 81
91 90 90 90 90 90 89 89 87 86 85 83 81 80 80 80 82 83 84 85 85 85 85 85 84 83 81 80 79 79 79 78 78 78 78 78 78 78 78 79 79 79 79 78 77 76 75 74 72 72 72 72 72 70 69 67 66 64 63 61 59 58 58 58 58 58 58 59 59 59 58 60 60 63 64 66 67 69 71 73 75 77 80 82 83 83 82 81 83 84 85 86 85 85 84 84
91 91 90 90 91 90 90 89 87 86 85 83 82 81 81 82 84 85 86 86 86 86 86 86 85 84 82 80 80 79 79 79 78 78 78 78 78 79 79 79 80 79 79 79 78 78 77 77 76 75 74 74 73 71 70 68 66 65 63 62 60 59 58 57 57 57 57 57 57 58 59 62 63 65 67 68 70 71 73 75 77 79 82 85 87 87 87 86 87 87 87 87 87 87 86 86
92 91 91 91 91 91 90 88 87 86 85 83 82 82 82 83 85 86 87 87 87 87 87 87 86 85 82 81 80 80 79 79 79 79 79 79 79 79 79 80 80 80 80 79 79 79 79 78 78 77 76 75 73 72 71 69 67 65 64 62 61 59 58 57 57 57 56 56 57 59 62 64 66 67 69 70 72 73 75 77 79 82 86 89 90 90 90 90 90 90 89 89 88 88 87 87
92 92 91 91 91 91 90 88 86 85 85 84 83 83 84 85 86 87 87 87 88 88 87 87 86 85 83 82 81 80 80 80 79 79 79 79 79 80 80 80 81 81 80 80 80 80 80 79 79 78 76 75 74 73 71 70 68 66 65 63 61 60 59 58 57 56 56 56 58 61 63 66 68 69 71 72 74 75 77 80 84 87 90 91 92 92 92 92 92 92 91 91 90 89 88 87
92 92 92 91 91 91 89 88 86 85 85 84 84 84 85 86 86 87 88 88 88 88 88 87 86 86 85 83 82 81 80 80 80 80 79 80 80 80 80 81 81 81 81 80 80 80 80 80 79 78 77 76 74 73 72 70 69 67 65 64 62 61 59 58 57 56 56 56 59 61 64 66 69 71 72 74 76 78 81 84 88 91 92 93 93 93 93 93 93 93 92 92 91 90 89 88
92 92 92 91 91 90 89 88 87 86 85 85 85 85 86 86 87 87 88 88 88 88 88 87 87 86 85 84 83 82 81 80 80 80 80 80 80 80 81 81 81 81 81 81 81 80 80 80 79 78 77 76 75 74 72 71 69 67 66 64 62 61 60 58 57 56 56 56 58 61 64 67 70 72 74 75 78 81 85 88 90 92 93 93 93 93 93 93 93 93 93 92 91 91 90 89
92 92 92 91 91 90 89 88 87 86 86 86 86 86 86 87 87 88 88 88 88 88 88 87 87 86 86 85 83 82 82 81 81 80 80 80 80 81 81 81 81 81 81 81 81 80 80 80 79 79 77 76 75 74 73 71 70 68 66 64 63 61 60 58 57 56 55 55 57 60 63 66 70 73 75 77 80 85 87 90 92 93 94 93 93 93 93 93 93 93 93 93 92 91 90 89
92 92 91 91 91 90 90 89 88 87 87 87 87 87 87 87 88 88 88 88 88 88 88 87 87 86 86 85 84 83 82 82 81 81 81 81 81 81 81 81 81 81 81 81 80 80 80 80 79 78 77 76 75 74 73 71 70 68 66 65 63 61 60 58 57 56 55 55 57 60 63 67 70 73 76 79 84 87 90 92 93 94 94 94 93 93 93 93 93 93 93 93 92 91 90 90
92 91 91 91 91 90 90 89 89 88 88 88 88 88 88 88 88 88 88 88 88 88 88 87 87 86 86 85 84 84 83 82 82 81 81 81 81 81 81 81 81 81 81 80 80 80 80 79 79 78 77 76 75 74 73 71 70 68 66 65 63 62 60 58 57 55 54 55 57 61 64 68 72 75 78 82 86 89 91 93 94 94 94 94 94 94 93 93 93 93 93 93 92 91 91 90
92 91 91 91 91 91 91 90 90 89 89 89 88 88 88 88 88 88 88 88 88 88 88 87 87 86 86 85 85 84 83 83 82 82 82 81 81 81 81 81 81 80 80 80 79 79 79 79 78 78 77 76 75 74 73 71 70 68 67 65 63 62 60 58 56 55 54 55 58 63 67 71 74 77 81 85 88 91 93 94 94 94 94 94 94 94 93 93 93 93 93 92 92 91 91 90
91 91 90 90 91 91 91 91 91 90 90 89 89 89 88 88 88 88 88 88 88 88 88 87 87 86 86 85 85 84 84 83 83 82 82 82 81 81 81 81 80 80 79 79 79 78 78 78 77 77 77 76 75 74 72 70 69 68 67 65 64 62 60 58 55 55 54 56 59 64 69 73 75 79 83 87 90 92 93 94 94 93 93 93 93 93 93 93 93 93 93 92 91 91 91 90
91 90 90 90 90 91 91 91 91 91 90 90 89 89 89 89 88 88 88 88 88 88 88 87 87 87 86 86 85 85 84 83 83 83 82 82 81 81 80 80 79 79 79 78 78 77 77 76 76 76 76 75 74 73 71 69 68 67 66 65 63 62 59 57 55 54 54 55 60 66 71 74 77 81 85 88 91 92 93 93 93 93 93 93 93 93 93 93 93 93 92 92 91 91 91 90
91 90 90 90 90 90 91 91 91 91 91 90 90 90 89 89 89 88 88 88 88 88 87 87 87 87 86 86 85 85 84 84 83 83 82 82 81 81 80 79 79 78 78 77 77 76 76 75 75 75 75 74 73 71 68 67 66 66 65 64 63 61 59 57 55 54 54 55 59 66 71 75 79 83 86 89 91 92 93 93 93 93 93 93 93 93 93 93 93 92 92 91 91 91 91 90
91 90 89 89 90 90 90 91 91 91 91 91 90 90 90 89 89 88 88 88 88 87 87 87 87 87 86 86 85 85 84 84 83 83 82 81 81 80 79 78 78 77 77 76 76 75 74 73 73 72 72 72 70 67 66 65 64 63 62 62 61 60 58 56 55 54 53 54 58 65 71 76 81 84 87 89 91 92 92 93 93 93 93 93 93 93 93 93 92 92 91 91 91 91 91 90
91 90 89 89 89 90 91 91 91 91 91 91 91 90 90 89 89 88 88 88 88 87 87 87 87 86 86 86 85 85 84 83 83 82 82 81 80 79 78 78 77 76 76 75 74 73 72 71 70 69 69 68 67 65 64 64 63 61 60 60 59 58 56 55 54 53 53 54 58 63 70 76 81 84 87 89 91 91 91 92 93 93 93 93 93 93 93 92 92 91 91 91 91 91 91 90
91 90 89 89 89 90 91 91 91 91 91 91 91 90 90 89 89 89 88 88 87 87 87 86 86 86 86 86 85 84 83 83 82 82 81 80 79 78 78 77 76 75 75 74 73 72 72 72 71 70 70 69 67 66 65 64 62 60 59 59 58 57 56 55 54 53 53 54 58 63 69 75 80 83 85 87 89 90 91 91 92 92 93 93 93 92 92 92 91 91 91 91 91 91 91 90
90 89 89 89 89 90 91 91 91 91 91 91 90 90 90 89 89 89 88 88 87 87 87 86 86 86 86 85 84 84 83 82 82 81 81 79 78 78 77 77 76 76 75 75 74 73 73 73 72 72 72 71 70 68 67 65 63 61 60 59 59 58 57 56 55 54 52 53 57 62 67 74 79 82 84 86 87 88 89 90 91 91 92 92 92 91 91 91 91 91 91 91 91 91 91 90
90 89 88 88 89 90 90 91 91 90 90 90 90 90 90 89 89 89 88 88 87 87 86 86 85 85 85 84 84 83 82 81 81 81 80 79 78 78 77 77 77 76 76 75 75 75 74 74 74 73 73 72 71 70 68 67 65 62 60 60 60 60 59 57 56 54 52 53 55 61 66 72 77 80 82 84 85 86 87 88 89 90 91 91 91 90 90 91 91 91 91 91 91 91 91 90
89 89 88 88 89 89 90 90 90 90 90 90 90 90 89 89 89 89 88 88 87 87 86 86 85 85 84 84 83 82 81 81 80 80 80 79 79 78 78 77 77 77 76 76 76 75 75 75 74 74 74 73 72 70 69 68 66 63 62 61 61 61 60 58 56 54 52 52 54 58 64 69 74 77 79 81 82 83 84 85 87 87 88 88 89 89 90 90 90 91 91 91 91 91 90 90
89 88 88 88 88 89 89 89 89 89 89 89 89 89 89 89 89 89 88 88 87 87 86 86 85 85 84 83 83 82 81 81 80 80 80 80 80 79 78 78 77 77 77 76 76 76 76 75 75 75 74 73 72 71 69 68 66 64 63 63 62 62 61 58 56 54 51 51 53 57 61 66 71 75 77 78 79 79 80 81 83 83 84 85 87 88 89 89 90 91 91 91 91 90 90 90
88 87 87 87 88 88 88 88 88 88 88 88 88 88 88 89 89 88 88 88 87 87 86 86 85 85 84 84 83 83 82 82 81 81 81 81 81 80 79 78 78 77 77 77 77 76 76 76 75 75 74 74 73 72 70 68 66 65 65 64 63 62 61 59 56 54 51 50 52 55 59 63 68 72 73 73 74 75 76 77 77 79 81 82 84 86 88 89 90 91 91 91 90 90 90 90
88 87 86 86 87 88 88 87 87 88 88 87 87 87 88 88 88 88 88 88 87 87 87 86 86 85 85 84 84 83 83 83 82 82 82 82 81 80 80 79 78 78 77 77 77 76 76 76 75 75 75 74 73 72 70 69 68 67 67 66 64 62 60 58 56 54 51 50 51 54 57 62 66 69 69 70 70 72 73 73 74 75 77 80 82 85 86 88 89 90 91 91 90 90 90 90
88 87 85 85 86 87 87 86 86 87 87 86 86 86 87 88 88 88 88 87 87 87 87 86 86 86 85 85 84 84 84 83 83 83 82 82 81 81 80 79 78 78 77 77 77 76 76 76 75 75 75 74 73 72 71 71 70 69 68 67 65 62 60 58 56 54 52 50 50 53 56 60 63 65 66 67 67 69 70 71 71 73 75 78 81 84 86 87 89 90 90 90 90 90 90 90
88 87 85 83 85 85 85 85 85 85 85 85 84 85 87 87 87 87 87 87 87 87 87 87 86 86 86 85 85 85 84 84 83 83 83 82 81 81 80 79 78 78 77 77 76 76 76 76 75 75 75 74 74 73 72 72 72 71 70 68 65 62 60 58 56 54 52 50 50 53 55 58 61 63 64 64 65 67 69 71 72 74 77 79 82 84 86 87 88 89 90 90 90 90 90 90
88 87 86 83 83 83 83 83 83 83 84 83 83 84 85 86 87 87 87 87 87 87 87 87 86 86 86 86 85 85 84 84 84 83 83 82 81 80 79 79 78 77 77 77 76 76 76 76 75 75 75 75 74 74 74 74 73 72 71 68 65 63 61 58 56 54 52 50 50 52 54 56 59 61 61 63 66 69 71 73 74 77 80 82 84 86 86 87 88 89 90 90 90 90 90 90
88 87 85 83 82 81 81 81 82 82 82 82 82 83 84 85 86 87 87 87 87 87 87 87 86 86 86 86 86 85 85 84 84 83 82 82 81 80 79 78 78 77 77 77 76 76 76 75 75 75 76 76 75 75 75 75 74 74 72 70 66 64 62 59 57 54 51 50 50 51 53 55 57 59 62 64 68 71 73 75 77 80 82 84 86 86 86 87 88 88 89 90 90 90 89 89
87 86 85 83 81 80 80 80 80 80 80 80 80 81 82 84 85 86 87 87 86 86 86 86 86 86 86 86 86 85 85 84 83 83 82 81 80 79 78 78 77 77 77 76 76 76 76 76 76 76 76 76 76 76 76 76 75 74 73 71 69 66 63 60 57 55 52 50 50 51 53 55 57 59 62 66 69 72 75 77 80 82 84 86 86 86 87 87 87 88 89 89 89 89 89 89
86 85 84 83 81 80 80 79 79 79 79 79 79 80 81 83 85 86 86 86 86 86 86 86 86 86 86 86 86 85 85 84 83 82 82 81 80 79 78 77 77 77 77 76 76 76 76 76 77 77 77 77 77 77 77 76 76 75 74 72 70 67 64 61 58 55 52 50 50 51 53 54 56 60 63 66 70 73 76 78 81 83 85 86 87 87 87 87 87 88 88 89 89 89 89 89
85 84 83 82 81 80 79 78 78 78 78 78 78 79 81 83 85 86 86 86 86 85 85 86 86 86 86 86 86 85 84 84 83 82 81 80 79 78 78 77 77 77 77 76 76 76 77 77 77 78 78 78 78 78 77 77 76 76 75 73 71 69 65 62 58 55 52 50 50 51 52 53 55 59 62 66 69 73 76 79 82 84 85 86 87 87 87 87 87 88 88 88 88 88 88 88
83 82 82 81 80 79 79 78 77 77 77 77 77 79 81 83 84 85 85 86 85 85 85 85 85 85 85 85 85 85 84 83 82 81 80 80 79 78 78 77 77 77 77 77 77 77 77 78 78 78 79 79 79 78 78 77 77 76 75 74 72 70 66 63 59 55 53 51 49 50 52 53 55 58 62 65 69 73 77 80 82 84 85 86 87 87 87 87 87 87 88 88 88 88 88 88
81 81 81 80 80 79 78 78 77 76 76 76 76 79 81 82 84 84 85 85 85 84 84 84 84 84 85 85 85 84 83 82 82 81 80 79 79 78 78 77 77 77 77 77 77 77 78 78 79 79 79 79 79 79 78 78 77 77 76 75 73 71 67 64 60 56 53 51 49 50 52 53 55 58 61 64 68 73 77 79 82 83 85 86 87 87 88 88 88 88 87 87 87 87 87 87
80 80 80 80 79 79 78 77 76 76 75 75 76 78 81 82 84 84 85 84 84 83 83 83 83 84 84 84 84 83 83 82 81 80 79 79 78 78 77 77 77 77 77 77 77 78 78 79 79 80 80 80 79 79 79 78 78 77 76 75 74 72 68 64 60 57 54 51 49 50 52 53 55 58 60 64 67 72 76 79 81 83 85 86 87 87 88 88 88 88 87 87 87 87 87 87
79 79 79 79 79 79 78 77 76 75 74 74 75 78 81 83 84 84 84 84 83 82 82 82 82 83 83 83 83 83 82 81 80 79 79 78 78 77 77 77 77 77 77 77 77 78 79 79 80 80 80 80 80 79 79 78 78 77 76 75 74 72 69 66 62 58 54 51 49 50 51 53 56 58 60 63 67 70 75 78 81 83 85 86 87 87 88 88 88 88 87 87 87 87 87 86
80 80 80 79 79 78 78 77 76 75 73 73 75 79 81 83 84 85 84 84 83 82 81 81 81 82 82 82 82 82 81 80 80 79 78 78 77 77 77 77 77 77 77 77 77 78 79 80 80 80 80 80 80 79 79 78 78 77 76 75 73 72 70 67 63 59 54 51 49 48 51 53 55 57 59 62 66 70 73 77 80 83 85 86 87 87 88 88 88 87 87 87 87 86 86 86
81 81 80 80 79 79 78 77 77 75 72 73 75 79 82 84 85 85 84 83 82 81 80 80 81 81 82 81 81 81 80 80 79 78 78 77 77 76 76 76 76 76 76 77 78 79 79 80 80 80 80 80 80 79 79 78 77 77 76 74 73 71 69 67 64 59 54 52 49 48 50 52 54 56 59 62 66 69 73 77 80 82 84 86 87 87 87 88 88 87 87 87 87 86 86 86
81 81 81 80 80 79 79 78 77 75 72 73 75 80 83 84 85 85 84 83 82 80 80 79 80 81 81 81 80 80 79 79 78 78 77 77 76 76 76 76 76 76 76 77 78 79 80 80 80 80 80 80 80 79 79 78 77 76 75 74 72 70 69 67 64 59 55 52 50 48 50 52 54 56 58 61 65 69 73 77 80 82 84 85 86 87 87 87 87 87 87 87 86 86 86 85
82 82 82 81 80 79 79 78 77 75 72 73 76 81 83 84 85 84 84 82 81 80 79 79 79 80 80 80 79 79 79 78 78 77 77 77 76 75 75 75 75 75 75 76 78 79 80 80 80 80 80 80 80 79 79 78 77 76 75 74 72 70 68 66 63 58 55 52 50 47 49 51 53 55 58 61 65 69 74 77 80 82 84 85 86 87 87 87 87 87 87 87 86 86 86 85
83 83 82 82 81 80 79 78 77 74 71 73 76 81 83 84 84 84 83 82 81 79 78 78 78 78 78 78 78 78 78 78 77 77 77 76 76 75 74 74 74 74 75 76 78 79 80 80 80 80 80 80 79 79 78 78 77 77 76 74 72 70 67 64 61 57 55 52 49 47 49 51 52 55 58 61 65 70 74 78 81 83 84 86 86 87 87 87 87 87 87 86 86 86 85 85
84 84 83 82 82 81 79 78 76 74 71 73 77 81 83 84 84 84 82 81 80 78 77 77 77 77 77 77 77 77 77 77 77 76 76 76 75 74 73 73 73 73 75 76 77 79 80 80 80 80 80 80 79 79 78 78 77 77 76 74 72 70 67 65 61 57 54 52 49 47 48 50 52 54 57 61 65 70 75 79 81 83 84 86 86 86 86 86 86 86 86 86 86 86 85 85
85 84 84 83 82 81 80 78 76 74 71 72 76 80 82 83 84 83 82 80 79 77 76 75 75 75 75 76 76 76 76 76 76 76 75 75 74 73 72 72 72 73 75 76 77 78 79 80 80 80 80 79 79 79 78 78 77 76 75 73 72 70 68 65 62 57 54 51 49 47 47 49 52 54 57 60 65 71 76 80 82 83 84 86 86 86 86 86 86 86 86 86 86 85 85 84
86 85 85 84 83 82 80 79 77 75 72 71 76 79 81 83 83 82 81 79 78 76 75 73 73 73 73 74 74 74 74 74 74 74 74 73 73 72 71 70 71 73 74 76 77 78 79 79 79 79 79 79 79 78 78 78 77 76 74 73 71 69 67 65 61 57 54 51 49 47 47 49 52 54 57 61 66 71 76 80 82 83 84 85 86 86 86 86 86 86 86 85 85 85 84 83
86 86 86 85 84 83 81 80 78 76 73 71 74 77 80 82 82 82 80 78 77 75 73 72 71 71 71 72 72 72 72 72 72 72 72 71 71 70 70 69 70 72 74 75 77 77 78 78 79 79 79 79 78 78 78 77 76 75 73 72 70 68 66 63 60 56 53 51 49 47 47 49 52 54 57 61 66 71 76 79 82 83 84 85 85 85 85 85 85 85 85 85 85 84 84 83
87 86 86 86 85 84 83 81 79 77 74 71 71 75 78 80 81 80 79 77 75 73 71 70 69 69 69 69 70 70 69 70 70 70 69 68 68 68 68 68 70 72 73 75 76 77 78 78 79 79 79 78 78 78 77 77 76 74 72 71 69 67 65 61 58 55 53 51 49 47 47 49 52 54 57 61 67 72 76 79 82 83 84 84 85 85 85 85 85 85 85 84 84 84 83 82
87 87 87 86 86 85 84 83 81 79 76 72 70 71 74 76 77 77 76 74 73 71 69 68 67 67 67 67 67 67 66 66 67 67 66 66 65 65 66 67 69 71 73 74 75 76 77 78 78 78 78 78 78 77 77 76 75 73 71 69 67 65 63 59 57 54 53 51 49 47 47 49 52 55 57 61 67 72 77 80 82 83 84 84 85 84 85 84 84 84 84 84 83 83 83 81
87 87 87 87 86 86 85 84 83 81 78 74 71 69 71 72 72 72 71 70 69 68 67 65 64 64 64 64 64 63 63 63 63 63 63 63 63 62 64 66 68 70 72 74 75 76 77 77 78 78 78 78 77 76 76 75 74 72 71 69 66 64 62 59 57 54 52 50 48 47 47 49 52 55 58 63 69 74 78 81 82 83 84 84 84 84 84 84 84 83 83 83 83 83 82 80
86 86 86 86 86 86 86 85 84 83 81 77 73 71 69 68 68 67 67 66 66 65 63 62 62 61 61 61 61 60 59 59 60 60 60 60 60 60 62 65 67 68 71 73 74 75 76 77 77 77 77 77 76 76 75 75 74 72 70 68 66 64 62 60 57 55 52 50 48 46 47 50 53 56 59 65 71 75 79 81 83 83 84 84 84 84 84 84 83 83 82 82 82 83 82 80
86 86 86 86 86 86 86 86 85 84 82 79 76 73 71 68 66 65 65 65 65 65 64 64 63 62 61 61 60 59 59 59 59 58 58 58 58 59 61 63 65 66 68 71 72 74 75 76 76 77 77 76 76 75 75 75 74 72 70 69 67 65 63 61 58 55 52 50 48 46 47 50 53 56 61 67 72 76 80 82 83 84 84 84 84 84 84 83 82 82 82 81 82 82 81 79
86 86 86 85 86 86 86 86 86 85 83 81 78 76 75 74 72 70 68 67 66 66 67 67 66 65 64 64 64 63 63 62 61 59 57 56 56 57 58 61 63 63 64 66 70 72 73 75 75 76 76 76 76 76 75 75 74 72 71 69 68 66 64 61 58 55 52 50 48 46 47 50 54 58 63 69 73 78 81 82 83 84 84 84 84 84 84 83 82 81 81 81 81 81 80 78
