geoxygene-sig3d-gui/src/main/resources/demo3d/bdalti/echantillon72/MNT_25M_asc.asc
ncols         401
nrows         401
xllcorner     464987.50
yllcorner     6734987.50
cellsize      25.00
NODATA_value  -9999
[rows 330 to 384 of 401, columns 192 to 287 of 401]
29 29 29 29 29 29 29 29 29 29 29 29 29 29 29 29 29 29 29 29 29 29 29 29 29 29 29 29 29 29 29 29 29 29 29 29 29 29 29 29 29 29 29 29 29 29 29 29 29 29 28 28 28 28 28 27 27 27 27 27 27 27 27 28 28 28 29 29 29 30 30 30 30 30 30 30 30 30 30 30 30 30 30 30 30 30 30 30 30 30 30 30 30 30 30 30
29 29 29 29 29 29 29 29 29 29 29 29 29 29 29 29 29 29 29 29 29 29 29 29 29 29 29 29 29 29 29 29 29 29 29 29 29 29 29 29 29 29 29 29 29 29 29 29 29 29 29 28 28 28 28 27 27 27 27 27 27 27 27 27 28 28 29 29 29 30 30 30 30 30 30 30 30 30 30 30 30 30 30 30 30 30 30 30 30 30 30 30 30 30 30 30
29 29 29 29 29 29 29 29 29 29 29 29 29 29 29 29 29 29 29 29 29 29 29 29 29 29 29 29 29 29 29 29 29 29 29 29 29 29 29 29 29 29 29 29 29 29 29 29 29 29 29 29 28 28 28 28 27 27 27 27 27 27 27 27 28 28 29 29 29 30 30 30 30 30 30 30 30 30 30 30 30 30 30 30 30 30 30 30 30 30 30 30 30 30 30 30
29 29 29 29 29 29 29 29 29 29 29 29 29 29 29 29 29 29 29 29 29 29 29 29 29 29 29 29 29 29 29 29 29 29 29 29 29 30 30 30 29 29 29 29 29 29 29 29 29 29 29 29 29 29 28 28 28 27 27 27 27 27 27 28 28 28 29 29 30 30 30 30 30 30 30 30 30 30 30 30 30 30 30 30 30 30 30 30 30 30 30 30 30 30 30 30
29 29 29 29 29 29 29 29 29 29 29 29 29 29 29 29 29 29 29 29 29 29 29 29 29 29 29 29 29 29 29 29 29 30 30 30 30 30 30 30 30 30 30 29 29 30 30 30 30 30 30 30 29 29 29 29 28 28 28 28 28 28 28 28 28 29 29 30 30 30 30 30 30 30 30 30 30 30 30 30 30 30 30 30 30 30 30 30 30 30 30 30 30 30 30 30
29 29 29 29 29 29 29 29 29 29 29 29 29 29 29 29 29 29 29 29 29 29 29 29 29 29 29 29 29 29 30 30 30 30 30 30 30 30 30 30 30 30 30 30 30 30 30 30 31 31 31 31 31 30 30 29 29 29 29 29 29 29 29 29 29 29 30 30 30 30 30 30 30 30 30 30 30 30 30 30 30 30 30 30 30 30 30 30 30 30 30 30 30 30 30 30
29 29 29 29 29 29 29 29 29 29 29 29 29 29 29 29 29 29 29 29 29 29 29 29 29 29 29 30 30 30 30 30 30 30 30 30 30 30 30 30 30 30 30 30 30 31 31 31 31 32 32 32 32 32 31 31 30 30 30 30 30 30 30 30 30 30 30 30 30 30 30 30 30 30 30 30 30 30 30 30 30 30 30 30 30 30 30 30 30 30 30 30 30 30 30 30
29 29 29 29 29 29 29 29 29 29 29 29 29 29 29 29 29 29 29 29 29 29 29 29 29 30 30 30 30 30 30 30 30 30 30 30 30 30 30 31 31 31 31 31 31 31 32 32 32 33 33 34 34 34 33 33 33 33 32 32 32 32 32 32 32 32 32 31 31 30 30 30 30 30 30 30 30 30 30 30 30 30 30 30 30 30 30 30 30 30 30 30 30 30 31 30
29 29 29 29 29 29 29 29 29 29 29 29 29 29 29 29 29 29 29 29 29 29 29 30 30 30 30 30 30 30 30 30 30 30 30 30 30 31 31 31 31 31 31 32 32 32 32 33 33 34 34 35 35 35 35 35 35 35 34 34 34 34 34 34 34 33 33 33 33 32 32 32 32 31 31 31 31 31 31 31 31 30 30 30 30 30 30 30 30 31 31 32 32 32 32 31
29 29 29 29 29 29 29 29 29 29 29 29 29 29 29 29 29 29 29 29 29 29 30 30 30 30 30 30 30 30 30 30 30 30 30 30 31 31 31 31 32 32 32 32 33 33 33 34 34 34 35 36 36 36 36 36 36 36 36 36 36 35 35 35 35 35 35 35 35 35 35 34 34 33 33 32 32 32 32 32 32 32 32 32 32 32 32 32 32 33 34 34 35 34 33 33
29 29 29 29 29 29 29 29 29 29 29 29 29 29 29 29 29 29 29 29 29 30 30 30 30 30 30 30 30 30 30 31 31 31 31 31 31 31 31 32 32 32 33 33 33 34 34 34 35 35 35 36 36 36 36 36 36 36 36 36 36 36 36 36 36 36 36 36 36 36 37 36 36 35 34 34 33 33 33 33 34 34 34 34 34 34 34 34 34 35 35 36 36 35 34 34
29 29 29 29 29 29 29 29 29 29 29 29 29 29 29 29 29 29 29 29 30 30 30 30 30 30 30 30 30 31 31 31 31 31 31 31 31 32 32 32 32 33 33 34 34 35 35 35 35 35 36 36 35 35 35 35 35 35 35 36 36 36 36 36 36 36 37 37 37 37 37 37 37 36 36 35 34 34 34 35 35 36 36 36 36 36 36 36 36 36 37 37 36 36 35 35
28 29 29 29 29 29 29 29 29 29 29 29 29 29 29 29 29 29 29 29 30 30 30 30 30 30 30 30 31 31 31 31 31 31 31 31 32 32 32 33 33 33 34 34 35 35 35 35 35 36 36 35 35 35 35 35 35 35 35 35 35 35 35 36 36 37 37 38 38 38 38 38 38 37 37 36 35 35 35 36 36 37 37 36 36 37 37 37 37 37 37 37 37 36 36 36
28 29 29 29 29 29 29 29 29 29 29 29 29 29 29 29 29 29 29 29 30 30 30 30 30 30 30 30 31 31 31 31 31 31 32 32 32 32 33 33 33 34 34 35 35 35 36 36 36 36 36 35 35 35 35 35 35 35 35 35 35 35 36 36 36 37 38 38 38 38 38 38 38 38 37 37 36 36 36 37 37 37 37 37 37 37 37 38 38 38 38 37 37 37 37 36
28 28 29 29 29 29 29 29 29 29 29 29 29 29 29 29 29 29 29 29 29 30 30 30 30 30 30 31 31 31 31 31 31 32 32 32 32 33 33 33 34 34 34 35 35 35 36 36 36 36 36 35 35 35 35 35 35 35 35 35 36 36 36 36 37 37 38 38 38 38 38 38 38 38 38 37 37 37 37 37 37 38 38 38 38 38 38 38 38 38 38 38 37 37 37 37
28 28 29 29 29 29 29 29 29 29 29 29 29 29 29 29 29 29 29 29 29 30 30 30 30 30 31 31 31 31 31 31 32 32 32 32 33 33 33 33 34 34 35 35 35 35 36 36 36 36 36 35 35 36 36 36 36 36 36 36 36 36 36 36 37 37 38 38 38 38 38 38 38 38 38 37 37 37 37 37 38 38 38 38 38 38 38 38 38 38 38 38 38 37 37 37
28 28 28 29 29 29 29 29 29 29 29 29 29 29 29 29 29 29 29 29 29 30 30 30 30 30 31 31 31 31 31 32 32 32 32 33 33 33 33 34 34 34 35 35 35 36 36 36 36 36 35 35 35 36 36 36 36 36 36 36 36 36 36 36 37 37 38 38 38 38 38 38 38 38 38 38 38 37 37 38 38 38 38 38 38 38 38 38 38 38 38 38 38 37 37 37
28 28 28 28 28 28 28 28 29 29 29 29 29 29 29 29 29 29 29 29 29 29 30 30 30 30 31 31 31 31 31 32 32 32 32 33 33 33 34 34 34 34 35 35 36 36 36 36 36 35 35 35 35 36 36 36 36 36 36 36 36 36 36 37 37 37 37 38 38 38 38 38 38 38 38 38 38 38 38 38 38 38 38 38 38 38 38 38 38 38 38 38 38 37 37 37
28 28 28 28 28 28 28 28 28 28 28 28 28 29 29 29 29 29 29 29 29 29 30 30 30 30 31 31 31 31 32 32 32 32 32 33 33 33 34 34 34 35 35 35 36 36 36 35 35 35 35 35 35 35 36 36 36 36 36 36 36 36 36 37 37 37 37 37 38 38 38 38 38 38 38 38 38 38 38 38 38 38 38 38 38 38 38 38 38 38 38 38 37 37 37 37
28 28 28 28 28 28 28 28 28 28 28 28 28 28 28 29 29 29 29 29 29 29 29 30 30 30 31 31 31 31 32 32 32 32 32 33 33 33 34 34 34 35 35 35 36 36 36 35 35 35 35 35 35 35 36 36 36 36 36 36 36 36 36 36 37 37 37 37 37 37 38 38 38 38 38 38 38 38 37 37 37 38 38 38 38 38 38 38 38 38 37 37 37 37 37 37
28 28 28 28 28 28 28 28 28 28 28 28 28 28 28 28 29 29 29 29 29 29 29 29 30 30 31 31 31 31 32 32 32 32 32 33 33 33 34 34 34 35 35 35 36 36 36 36 35 35 35 35 35 35 36 36 36 36 36 36 36 36 36 36 36 37 37 37 37 37 37 37 37 37 37 37 37 37 37 37 37 37 37 37 37 37 37 37 37 37 37 37 37 37 37 37
28 29 29 29 29 29 29 29 29 29 29 29 29 29 29 29 29 29 30 30 30 30 30 29 30 30 30 31 31 31 32 32 32 32 32 33 33 33 33 34 34 35 35 36 36 36 36 36 35 35 35 35 35 35 36 36 36 36 36 36 36 36 36 36 36 36 37 37 37 37 37 37 37 37 37 37 37 37 37 37 37 37 37 37 37 37 37 37 37 37 37 37 37 37 37 37
29 29 29 30 30 29 29 29 29 29 29 30 30 30 30 30 30 30 30 31 31 31 30 30 30 30 30 31 31 31 31 32 32 32 32 32 32 33 33 34 34 35 36 36 36 36 35 35 35 35 35 35 35 35 36 36 36 36 36 36 36 36 36 36 36 36 36 37 37 37 37 37 37 37 37 37 37 37 37 37 37 37 37 37 37 37 37 37 37 37 37 37 37 37 37 37
29 30 30 30 30 30 30 30 30 30 30 31 30 30 30 30 30 31 31 31 31 31 31 30 30 30 30 30 31 31 31 32 32 32 32 32 32 32 33 33 34 35 36 36 36 35 35 35 35 35 35 35 35 35 36 36 36 36 36 36 36 36 35 35 36 36 36 36 36 37 37 37 37 37 37 37 37 37 37 37 37 37 37 37 37 37 37 37 37 37 37 37 37 37 37 37
30 30 31 31 31 31 31 31 31 31 31 31 31 30 31 31 31 31 32 32 32 31 31 31 31 30 30 30 30 31 31 31 32 32 32 32 32 32 32 33 34 35 36 36 35 34 34 34 34 35 35 35 35 35 36 36 36 36 36 36 35 35 35 35 36 36 36 36 36 36 36 37 37 37 37 37 37 37 37 37 37 37 37 37 37 37 37 37 37 37 37 37 37 37 37 37
31 31 31 31 31 31 31 31 31 31 31 31 31 31 31 31 31 32 32 32 32 32 31 31 31 31 30 30 30 30 30 31 31 31 31 31 31 31 32 33 33 34 33 33 33 33 34 34 34 34 34 34 35 35 36 36 36 36 36 36 35 35 35 35 36 36 36 36 36 36 36 37 37 37 37 37 37 37 37 37 37 37 37 37 37 37 37 37 37 37 37 37 37 37 37 37
31 31 31 31 31 31 31 31 31 31 31 32 32 32 32 32 32 32 32 32 32 32 32 31 31 31 31 31 31 30 30 30 30 31 31 31 31 31 31 32 32 32 32 32 32 32 33 33 33 33 34 34 34 35 35 35 36 36 36 35 35 35 35 35 35 36 36 36 36 36 36 36 37 37 37 37 37 37 37 37 37 37 37 37 37 37 37 37 37 37 37 37 37 37 38 38
32 32 32 32 32 32 32 32 32 32 32 32 32 32 32 32 32 32 32 32 32 32 32 32 32 31 31 31 31 31 31 31 31 30 31 30 31 31 31 31 31 32 32 32 32 32 32 33 33 33 33 33 34 34 34 35 35 35 35 35 35 35 35 35 36 36 36 36 36 36 36 36 37 37 37 37 37 37 37 37 37 37 37 37 37 37 37 37 37 37 37 37 38 38 38 38
32 32 32 32 32 32 32 32 32 32 32 32 32 32 32 32 32 33 33 33 33 32 32 32 32 32 32 32 31 31 31 31 31 31 31 31 31 31 31 31 31 31 32 32 32 32 33 33 33 33 34 34 34 34 34 35 35 35 35 35 35 35 35 35 36 36 36 36 36 36 36 36 36 37 37 37 37 37 37 37 37 37 37 37 37 37 37 37 37 37 38 38 38 38 38 38
32 32 32 32 32 32 32 32 32 32 32 32 32 32 32 33 33 33 33 33 33 33 33 33 32 32 32 32 32 32 32 31 31 31 31 31 31 31 31 31 32 32 32 32 33 33 33 33 33 34 34 34 34 34 35 35 35 35 35 35 35 35 35 35 36 36 36 36 36 36 36 36 36 36 37 37 37 37 37 37 37 37 37 37 37 37 37 37 37 38 38 38 38 38 38 38
32 32 32 32 32 32 32 32 32 32 32 32 32 33 33 33 33 33 33 33 33 33 33 33 33 33 33 33 32 32 32 32 32 31 31 31 31 31 32 32 32 32 32 33 33 33 33 34 34 34 34 34 34 34 35 35 35 35 35 35 35 35 35 35 36 36 36 36 36 36 36 36 36 36 36 37 37 37 37 37 37 37 37 37 37 37 38 38 38 38 38 38 38 38 38 38
32 32 32 32 32 32 32 32 32 32 32 32 33 33 33 33 33 33 33 33 33 33 33 33 33 33 33 33 33 33 33 32 32 32 32 31 32 32 32 32 32 33 33 33 33 34 34 34 34 34 34 34 35 35 35 35 35 35 35 35 35 35 35 35 36 36 36 36 36 36 36 36 36 36 36 37 37 37 37 37 37 37 37 37 38 38 38 38 38 38 38 38 38 38 38 38
33 33 33 33 33 33 33 32 32 32 32 32 33 33 33 33 33 33 33 33 33 34 34 34 34 34 34 33 33 33 33 33 32 32 32 32 32 32 32 32 33 33 33 34 34 34 34 34 34 34 35 35 35 35 35 35 35 35 35 35 35 35 35 36 36 36 36 36 36 36 36 36 36 36 36 37 37 37 37 37 37 37 38 38 38 38 38 38 38 38 38 38 38 38 38 38
33 33 33 33 33 33 33 33 33 33 33 33 33 33 33 33 33 33 33 33 34 34 34 34 34 34 34 34 34 33 33 33 33 33 32 32 32 32 32 33 33 34 34 34 35 35 35 35 35 35 35 35 35 35 35 35 35 35 35 35 35 35 35 36 36 36 36 36 36 36 36 36 36 36 36 37 37 37 37 37 37 38 38 38 38 38 38 38 38 38 38 38 38 38 38 38
33 33 33 33 33 33 33 33 33 33 33 33 33 33 33 33 33 33 33 34 34 34 34 35 35 35 34 34 34 34 34 33 33 33 33 32 32 32 33 33 33 34 34 35 35 35 35 35 35 35 35 35 35 35 35 35 35 35 36 35 35 35 36 36 36 36 36 37 37 37 37 36 36 36 36 37 37 37 37 37 38 38 38 38 38 38 38 38 38 38 38 38 38 38 38 38
34 33 33 33 33 33 33 33 33 33 33 33 33 33 33 33 33 33 34 34 34 35 35 35 35 35 35 35 34 34 34 34 34 33 33 33 33 32 33 33 34 34 35 35 36 36 36 35 35 35 35 35 35 35 35 35 36 36 36 36 36 36 36 36 36 36 37 37 37 37 37 37 37 37 37 37 37 37 37 38 38 38 38 38 38 38 38 38 38 38 38 38 38 38 38 39
34 34 34 34 33 33 33 33 33 33 33 33 33 33 33 33 33 34 34 34 35 35 35 36 36 35 35 35 35 35 35 34 34 34 33 33 33 33 33 33 34 35 35 36 36 36 36 36 35 35 35 35 35 36 36 36 36 36 36 36 36 36 36 36 36 37 37 37 37 37 37 37 37 37 37 37 37 37 38 38 38 38 38 38 38 38 38 38 38 38 39 39 39 39 39 39
34 34 34 34 34 33 33 33 33 33 33 33 33 33 33 33 34 34 35 35 35 35 36 36 36 36 35 35 35 35 35 34 34 34 33 33 33 33 33 33 34 35 35 36 36 36 36 36 36 35 35 36 36 36 36 36 36 36 36 36 36 36 36 36 37 37 37 38 38 38 38 38 38 38 38 38 38 38 38 38 38 38 38 38 38 38 39 39 39 39 39 39 39 39 39 39
35 34 34 34 34 34 34 34 34 34 34 34 34 33 33 34 34 35 35 35 36 36 36 36 36 36 36 36 36 36 35 35 34 34 34 34 33 33 33 33 33 34 35 36 36 37 37 36 36 36 36 36 36 36 36 36 36 37 37 37 37 37 37 37 37 37 38 38 38 38 38 39 39 39 39 38 38 38 38 38 38 38 38 38 39 39 39 39 39 39 39 39 39 39 39 39
35 35 35 34 34 34 34 34 34 34 34 34 34 34 34 34 35 35 36 36 36 36 37 37 37 36 36 36 36 36 36 35 35 34 34 34 34 33 33 33 33 34 35 36 36 37 37 36 36 36 36 36 36 36 37 37 37 37 37 37 37 37 37 37 38 38 38 39 39 39 39 40 40 40 40 39 39 39 39 39 39 39 39 39 39 39 39 39 39 39 39 39 39 39 39 39
35 35 35 35 35 35 35 35 35 35 35 35 35 35 35 35 35 36 36 36 37 37 37 37 37 37 37 37 36 36 36 35 35 35 34 34 34 34 34 33 33 34 35 36 36 37 37 37 36 36 36 36 36 37 37 37 37 38 38 38 38 38 38 38 39 39 40 40 40 40 41 41 41 41 41 40 40 39 39 39 39 39 39 39 39 39 39 39 39 40 40 40 40 40 40 40
36 35 35 35 35 35 35 35 35 35 35 35 36 36 37 37 36 36 37 37 37 37 37 37 37 37 37 37 37 36 36 36 35 35 35 35 34 34 34 34 34 34 34 35 36 37 37 37 37 37 37 37 37 37 37 38 38 38 38 39 39 39 39 39 40 41 41 41 41 41 42 42 42 42 42 41 41 40 40 40 40 40 40 40 40 39 40 40 40 40 40 40 40 40 40 40
36 36 36 36 36 36 36 36 36 37 37 37 37 38 38 38 37 37 37 37 38 38 38 38 38 38 37 37 37 37 36 36 36 35 35 35 35 35 35 35 34 34 34 35 36 36 36 37 37 37 37 37 37 38 38 38 39 39 39 40 40 40 40 41 41 42 42 42 42 43 43 43 43 43 43 42 42 41 41 41 40 40 40 40 40 40 40 40 40 40 40 40 40 40 41 40
37 37 37 37 37 38 38 38 38 38 38 39 39 39 39 39 38 38 38 38 38 38 38 38 38 38 38 37 37 37 37 36 36 36 35 35 35 35 35 35 35 35 35 35 35 35 36 36 37 37 37 38 38 38 39 39 39 40 40 41 41 41 42 42 43 43 44 44 44 44 44 44 44 44 44 44 43 42 42 42 41 41 41 41 40 40 40 40 40 40 41 41 41 41 41 41
38 38 38 39 39 40 40 40 40 40 40 40 41 41 41 40 39 39 39 39 39 39 39 39 39 38 38 38 37 37 37 37 37 36 36 36 36 36 36 36 36 36 35 35 35 35 35 36 37 38 38 38 39 39 39 40 40 41 41 42 43 43 43 44 44 45 45 45 45 45 46 46 46 46 45 45 44 43 43 43 42 42 42 41 41 41 41 41 41 41 41 41 41 41 41 41
40 40 41 41 42 42 42 43 43 43 43 43 43 43 43 42 41 40 40 39 39 39 39 39 39 39 38 38 38 37 37 37 37 37 37 36 36 36 36 36 36 36 36 36 35 35 35 36 37 38 39 39 40 40 40 40 41 42 43 44 44 45 45 45 46 47 47 47 47 47 47 47 47 47 47 46 45 45 44 44 44 43 43 42 42 42 42 42 41 41 42 42 42 42 42 42
41 42 43 45 46 46 46 46 46 46 46 46 46 45 45 44 43 41 41 40 40 40 40 40 39 39 39 38 38 38 38 38 38 38 37 37 37 37 37 37 37 36 36 36 36 36 35 36 38 39 40 40 41 41 41 42 42 43 44 45 46 46 46 47 48 49 49 49 49 49 49 49 49 49 49 48 47 46 45 45 45 44 44 43 43 43 42 42 42 42 42 42 42 42 42 42
42 44 46 47 48 49 49 49 50 50 50 49 49 48 47 46 45 43 42 41 41 41 41 40 40 39 39 38 38 38 38 38 38 38 38 38 38 37 37 37 37 37 37 37 36 36 36 36 38 40 41 41 41 42 42 43 43 44 45 46 47 47 48 48 50 51 51 51 51 51 52 52 52 52 51 50 49 47 47 46 46 45 45 45 44 44 43 43 43 42 42 42 42 42 42 42
44 46 48 50 51 52 52 52 52 53 53 52 52 51 49 48 46 44 43 42 42 42 41 41 40 40 39 39 39 39 39 39 39 39 39 39 38 38 38 38 37 37 37 37 37 37 36 37 38 40 41 42 42 42 43 43 45 46 47 48 48 49 49 50 52 53 54 54 54 54 55 55 55 54 54 52 51 49 48 48 47 47 46 45 45 44 44 43 43 43 43 43 43 43 43 43
45 47 50 52 53 54 55 55 55 55 56 55 54 52 51 49 47 45 44 44 44 43 42 42 41 40 40 40 40 40 40 40 40 40 40 39 39 39 38 38 38 37 37 37 37 37 37 37 38 40 41 42 42 43 43 44 46 47 48 49 50 50 52 53 54 55 56 56 57 57 58 58 58 58 57 55 53 51 50 50 49 48 47 46 46 45 45 44 44 43 43 43 43 43 43 43
47 49 51 54 55 56 57 57 58 58 58 57 55 53 51 49 47 46 45 45 45 44 43 43 42 41 41 41 41 41 41 41 41 41 41 40 40 39 39 39 38 38 38 38 38 38 37 37 38 39 40 42 43 43 44 45 46 48 50 51 52 53 55 56 57 58 58 59 60 61 61 61 61 61 60 59 56 54 53 52 50 49 48 47 47 46 45 44 44 44 44 44 44 44 43 43
49 51 54 57 58 59 59 60 60 61 60 58 56 54 52 50 48 47 46 46 46 45 44 43 43 43 43 43 43 43 43 42 42 42 42 41 40 40 40 40 39 39 38 38 38 38 38 38 38 39 40 41 43 44 45 46 47 49 51 52 54 56 57 58 59 60 62 63 64 64 64 65 65 65 64 62 60 57 55 54 52 50 49 48 47 47 46 45 44 44 44 44 44 44 44 44
53 55 58 60 61 61 61 62 62 62 61 60 56 54 51 50 49 48 48 48 47 46 44 44 44 45 45 45 45 44 44 44 44 43 43 43 42 41 41 41 40 40 39 39 39 39 39 38 38 39 40 41 43 44 46 47 48 49 51 54 56 58 60 61 63 64 65 66 67 67 67 67 67 67 67 66 63 60 58 56 54 52 50 49 48 47 46 45 45 45 45 45 44 44 44 44
56 58 60 61 62 62 63 63 63 63 62 60 56 53 51 50 49 50 50 49 48 46 45 45 46 47 47 47 47 46 46 45 45 45 44 44 44 43 42 42 42 41 40 40 40 40 40 39 38 38 40 41 43 45 46 48 49 50 52 55 58 60 62 64 66 67 67 68 68 68 68 68 68 68 68 67 65 62 59 57 55 53 51 49 48 47 47 46 46 45 45 45 45 45 45 45
58 60 62 63 63 63 64 64 64 63 62 60 56 53 51 50 51 51 51 50 48 47 46 47 48 49 50 50 50 49 48 47 46 46 46 46 45 45 44 44 43 42 42 41 41 41 41 40 39 38 40 42 44 45 47 49 50 52 54 57 60 63 65 66 68 68 69 69 69 69 69 69 69 68 68 66 65 62 59 57 55 53 51 50 49 48 48 47 46 46 46 45 45 45 45 45
