geoxygene-sig3d-gui/src/main/resources/demo3d/bdalti/echantillon72/MNT_25M_asc.asc
ncols         401
nrows         401
xllcorner     464987.50
yllcorner     6734987.50
cellsize      25.00
NODATA_value  -9999
[rows 165 to 219 of 401, columns 0 to 95 of 401]
86 85 83 82 80 80 81 83 85 85 84 85 85 85 85 84 83 82 81 80 79 77 75 74 73 72 71 70 69 68 68 67 66 66 65 66 65 65 65 65 64 63 62 61 60 59 57 56 55 56 57 59 61 62 64 66 67 66 66 67 67 67 67 66 65 65 64 63 63 63 63 62 62 62 61 61 60 59 57 57 57 56 55 53 51 49 48 47 47 46 46 45 45 44 44 45
86 85 84 82 82 83 84 85 86 86 86 86 86 86 85 84 83 82 80 79 78 77 75 73 72 71 70 70 70 69 68 67 67 67 67 67 67 67 67 66 66 65 64 63 61 60 58 57 56 55 55 56 57 59 61 62 63 63 64 64 65 65 64 63 63 62 62 61 60 60 61 61 61 61 60 60 59 58 57 56 55 55 54 52 51 49 47 47 46 46 45 44 44 44 44 45
86 85 84 84 84 85 87 87 87 87 87 86 86 86 86 85 84 82 80 79 78 77 75 74 73 72 71 70 71 70 69 68 68 68 69 69 69 69 69 68 67 66 65 64 63 61 60 58 57 55 55 55 55 56 57 59 60 60 61 61 62 62 62 61 60 59 59 59 59 59 59 59 60 59 59 59 58 57 56 55 54 53 52 51 49 48 47 46 45 45 44 44 43 44 44 45
85 85 85 85 86 87 88 88 88 88 87 87 87 87 86 86 84 82 80 79 78 77 76 76 75 74 73 73 72 72 70 70 70 70 71 71 71 71 71 69 68 67 66 65 64 63 62 60 58 56 55 55 55 55 55 56 57 58 58 59 59 59 58 58 57 57 57 57 57 57 58 58 58 58 58 57 57 56 55 54 53 52 51 50 48 47 45 45 44 44 44 43 43 44 44 46
86 86 86 87 87 88 89 89 88 88 87 87 87 87 87 86 84 82 80 79 78 78 78 77 76 76 75 75 75 74 74 73 72 72 73 74 74 73 72 71 70 69 68 67 66 65 63 61 59 58 56 55 55 54 54 54 54 55 55 56 57 57 56 56 55 55 55 55 56 56 56 56 56 56 56 56 56 55 54 53 52 51 50 48 47 45 44 44 43 43 43 43 43 44 45 47
87 87 87 87 88 88 89 89 88 88 88 87 87 87 87 86 85 82 80 79 79 79 79 79 78 77 77 77 77 77 76 76 75 75 75 76 76 75 74 72 71 70 69 68 66 65 63 62 60 59 58 57 56 55 54 53 52 53 53 54 55 54 54 54 54 53 53 53 54 54 54 54 54 54 54 54 54 53 52 51 50 50 48 47 46 44 43 43 42 42 43 43 44 45 46 48
88 88 88 88 88 89 89 89 88 88 88 88 88 87 87 86 85 82 81 80 81 81 81 80 80 79 79 79 79 79 78 78 77 77 77 77 77 76 75 74 72 71 70 68 66 65 64 63 62 61 60 59 58 56 55 54 53 52 51 51 52 52 52 52 52 52 51 52 52 52 52 52 52 52 53 53 52 52 51 50 49 48 47 46 44 43 42 42 42 42 42 43 44 45 47 50
89 89 89 89 89 89 89 89 89 88 88 88 88 88 87 86 85 83 82 82 82 83 83 82 82 81 80 81 81 80 80 80 79 79 79 79 78 77 76 75 74 72 70 68 66 65 65 64 64 63 62 61 60 58 57 56 54 52 50 50 50 50 51 50 50 50 49 50 50 50 50 50 50 51 51 51 50 50 49 48 48 47 45 44 43 42 42 42 42 41 42 43 45 46 49 51
89 89 89 89 89 89 89 89 89 89 89 89 88 88 87 86 85 84 83 83 84 85 84 84 84 83 82 82 82 82 81 81 81 81 80 80 79 78 77 76 74 73 71 69 68 67 66 66 65 65 64 63 62 60 59 57 56 54 52 51 51 50 49 49 48 47 47 47 48 48 48 48 48 49 49 49 48 48 47 47 46 45 44 42 41 41 41 41 41 41 42 44 45 47 50 52
90 90 90 90 89 89 89 89 89 89 89 89 89 88 88 87 85 84 84 85 86 87 86 86 86 85 84 84 83 83 83 83 82 82 81 81 80 79 78 76 75 73 72 70 69 69 68 67 67 67 66 65 63 62 61 59 58 56 55 54 53 51 50 49 48 46 45 45 46 46 46 47 47 47 47 47 46 46 45 45 44 43 42 41 41 41 41 41 41 41 42 44 46 48 51 53
91 90 90 90 90 89 89 89 89 90 90 90 89 89 88 88 87 86 86 87 88 88 88 88 88 87 86 85 85 84 84 83 83 83 82 82 81 80 78 77 75 74 73 71 71 70 70 69 69 69 68 66 64 63 62 61 60 59 57 56 55 54 53 51 50 48 46 45 45 45 45 45 45 45 45 45 45 44 44 43 43 42 41 41 41 41 41 41 41 41 42 44 46 49 52 54
91 91 90 90 90 90 89 89 89 90 90 90 90 89 89 89 88 88 88 88 89 89 89 89 89 88 88 87 86 85 84 84 83 83 83 82 81 80 79 77 75 74 73 72 72 71 71 71 71 70 69 67 65 64 63 62 62 61 60 58 57 56 55 53 52 50 48 45 44 44 44 44 44 44 44 44 44 43 43 42 41 41 40 41 41 41 41 41 41 42 42 44 46 49 53 55
91 91 90 90 90 90 89 89 89 90 90 90 90 90 90 89 89 89 89 89 89 89 89 89 89 89 88 88 87 85 84 83 83 83 82 82 81 80 79 77 76 75 74 73 73 72 72 72 72 71 70 69 67 65 64 64 63 62 61 60 58 57 55 54 53 51 49 46 44 43 43 43 43 43 43 43 43 43 42 41 40 40 40 41 41 41 41 41 41 42 43 44 47 50 53 57
91 91 91 90 90 90 89 89 89 89 90 90 90 90 90 90 89 89 89 89 89 89 89 89 89 89 88 87 86 84 83 82 82 82 82 81 81 79 78 77 76 75 74 73 73 72 72 72 72 71 70 69 68 66 65 64 63 62 61 60 58 57 55 54 53 51 48 46 44 43 42 42 42 42 42 42 42 42 42 41 41 41 41 40 41 41 41 41 42 42 44 45 47 50 54 57
91 91 91 90 90 89 89 89 88 89 89 89 90 90 90 89 89 89 89 89 89 89 89 88 88 88 88 86 84 82 81 81 80 80 80 80 79 78 78 77 76 75 74 73 73 72 72 72 71 71 70 69 68 67 66 65 63 62 61 59 57 56 54 53 51 49 47 45 43 42 42 41 42 42 42 42 42 42 41 41 41 41 41 41 41 41 41 41 42 43 44 46 48 50 54 57
91 91 90 90 90 89 89 88 88 88 88 88 89 89 89 89 88 88 88 89 88 88 88 87 87 86 85 83 82 81 79 79 79 78 78 77 76 76 76 76 75 74 73 72 72 72 71 71 71 70 69 68 68 67 65 64 63 62 60 58 56 54 53 51 49 47 45 44 43 42 41 41 41 41 41 42 42 41 41 41 41 41 41 41 40 41 41 42 42 43 44 46 48 50 54 57
91 91 90 90 89 89 88 87 87 86 86 87 87 87 87 87 87 87 88 88 87 86 85 85 85 84 82 80 79 78 77 77 76 76 75 74 74 74 74 74 73 72 71 71 71 70 70 70 70 69 68 67 67 66 65 63 62 61 59 57 55 53 51 49 47 45 44 43 42 42 41 41 41 41 41 41 41 41 41 41 41 41 41 41 40 41 41 42 42 43 44 46 48 50 53 56
91 91 90 90 89 88 87 86 85 85 85 85 85 85 85 85 85 85 86 86 85 84 82 82 82 81 79 78 77 75 75 74 74 73 72 72 71 71 71 70 70 70 70 69 69 69 68 68 68 68 67 66 65 65 64 62 60 59 57 55 53 51 49 48 46 44 43 42 42 41 41 41 41 41 41 41 41 41 41 41 41 41 41 40 40 41 41 42 42 43 44 46 47 49 52 56
91 91 90 89 88 87 86 85 84 83 83 83 83 83 83 82 82 83 83 83 82 81 80 80 79 78 76 75 74 73 72 71 71 70 70 69 69 69 69 68 68 68 67 67 67 67 66 66 66 66 66 65 64 63 62 60 58 57 55 53 51 49 48 46 45 44 43 42 41 41 41 41 41 41 41 41 40 41 41 41 41 41 41 40 40 41 41 42 42 43 44 45 47 49 51 54
91 90 89 88 87 86 85 83 83 82 82 82 81 81 80 80 79 79 80 80 80 79 77 77 77 75 74 72 71 71 70 69 68 68 67 67 67 67 67 66 66 65 65 65 65 64 64 64 64 64 64 63 62 61 60 58 56 54 53 51 49 48 46 45 44 43 42 42 41 41 41 41 41 40 40 40 40 40 41 41 41 41 40 40 40 41 41 41 42 43 44 45 46 48 50 52
89 88 88 87 86 84 83 82 81 81 80 80 80 79 78 77 77 76 77 77 77 76 75 74 74 73 71 70 69 69 68 66 66 65 65 65 64 64 64 63 63 63 63 63 62 62 62 62 62 62 61 61 60 59 57 56 54 53 51 50 48 46 45 44 43 42 42 41 41 41 41 41 40 40 40 40 40 40 40 40 40 40 40 40 41 41 40 41 42 43 44 45 46 47 49 50
87 86 86 85 85 85 84 83 82 81 80 80 79 78 77 76 75 74 74 74 73 73 71 70 69 69 68 68 67 67 66 63 63 63 63 63 61 60 60 60 60 60 60 60 60 59 59 59 59 59 58 58 57 56 55 54 52 51 50 48 46 45 44 43 43 42 42 41 41 41 41 40 40 40 40 40 40 40 40 40 40 40 40 40 40 40 40 41 41 42 43 44 46 47 48 48
86 85 85 85 86 86 86 85 84 83 82 81 80 79 77 76 74 73 72 71 71 69 68 67 66 65 65 65 64 64 64 64 63 62 61 60 59 58 58 57 57 58 58 58 57 56 55 56 56 55 55 55 55 54 53 52 50 49 48 47 45 44 43 43 42 42 41 41 41 41 40 40 40 40 40 40 40 40 40 40 40 40 40 40 40 40 40 41 41 42 43 44 45 46 47 47
86 86 86 86 87 87 87 86 85 85 83 82 81 80 78 77 75 74 73 72 71 70 70 67 67 67 66 66 65 65 65 66 65 63 61 60 59 58 57 56 56 56 56 56 55 54 53 53 52 52 52 53 52 52 51 50 49 47 47 46 45 44 43 42 42 41 41 41 41 40 40 40 40 40 40 40 40 40 40 40 40 40 40 40 40 40 40 41 41 42 43 44 45 46 46 46
87 87 87 87 87 87 87 87 86 86 84 83 81 80 79 78 76 76 75 74 73 72 71 70 69 68 68 67 67 68 68 69 68 67 65 63 62 60 59 58 56 56 55 54 53 52 51 50 50 49 50 50 49 49 49 48 47 46 45 45 44 43 43 42 42 41 41 41 40 40 40 40 40 39 39 39 39 39 40 40 40 40 40 40 40 40 40 41 41 42 43 44 44 45 45 46
88 88 88 88 88 88 88 87 87 86 85 83 82 80 79 78 78 77 76 76 75 73 73 72 71 70 69 69 69 70 71 72 72 70 68 65 63 62 61 61 60 58 58 56 55 55 54 52 51 49 48 48 46 46 47 46 45 45 44 44 43 43 42 42 42 41 41 40 40 40 40 40 39 39 39 39 39 39 39 40 40 40 40 40 40 40 40 41 41 42 43 43 44 44 45 45
89 89 89 89 89 88 88 88 87 86 85 83 82 80 80 79 79 78 78 77 76 75 74 73 73 72 71 71 72 72 74 75 75 74 70 68 66 64 64 64 63 61 60 58 57 57 56 54 53 52 50 48 46 45 45 45 44 44 43 43 43 42 42 42 41 41 40 40 40 40 40 39 39 39 39 39 39 39 39 39 40 40 40 40 40 40 40 41 41 42 42 43 43 44 44 44
90 89 89 89 89 89 89 88 87 86 85 83 82 81 80 80 80 80 79 78 77 76 75 74 74 74 73 73 74 75 75 76 76 75 72 70 69 67 67 66 66 64 62 60 59 58 57 56 55 53 50 48 45 44 44 43 43 43 43 42 42 42 42 41 41 41 40 40 40 40 39 39 39 39 39 39 39 39 39 39 39 39 40 40 40 40 41 41 41 42 42 43 43 44 44 44
91 90 90 90 89 89 89 88 87 86 85 83 82 82 81 81 81 81 80 79 78 77 76 75 75 75 75 75 76 76 77 77 77 76 74 72 71 70 68 68 67 65 63 61 59 58 57 57 55 53 50 46 45 43 43 43 43 42 42 42 42 41 41 41 41 40 40 40 40 39 39 39 39 39 39 39 39 39 39 39 39 39 40 40 40 40 41 41 41 42 42 43 43 43 44 44
91 91 90 90 90 90 89 89 88 86 85 84 83 83 82 82 82 81 80 80 79 78 78 77 77 77 77 77 77 77 77 77 77 76 75 74 72 71 69 68 67 66 64 62 60 58 57 56 53 51 48 46 44 43 42 42 42 42 41 41 41 41 41 40 40 40 40 40 39 39 39 39 39 39 39 39 39 39 39 39 39 39 40 40 40 40 41 41 41 42 42 42 43 43 43 44
92 91 90 90 90 90 90 90 89 87 86 85 84 84 83 83 82 82 81 80 80 80 79 79 79 79 78 78 78 78 77 77 77 76 75 74 72 71 69 68 66 65 63 61 59 57 56 54 51 49 47 45 43 43 42 42 42 41 41 41 40 40 40 40 40 40 40 39 39 39 39 39 38 38 38 38 39 39 39 39 39 39 40 40 40 40 41 41 41 42 42 42 43 43 43 43
91 91 90 90 90 90 91 90 90 89 87 86 85 85 84 83 83 82 82 81 81 81 81 81 81 80 79 79 78 78 77 77 76 76 74 73 71 70 68 67 66 64 63 60 58 55 54 52 50 48 46 44 43 42 42 42 41 41 41 40 40 40 40 40 40 39 39 39 39 39 38 38 38 38 38 38 38 39 39 39 39 39 39 40 40 40 41 41 41 42 42 42 43 43 43 43
91 91 90 90 90 91 91 91 91 90 89 87 86 85 84 84 83 83 82 82 81 81 81 81 81 80 80 79 78 77 77 76 75 75 73 71 70 69 67 66 65 63 62 59 56 54 52 50 48 46 45 44 43 42 42 41 41 41 40 40 40 40 39 39 39 39 39 39 39 38 38 38 38 38 38 38 38 38 39 39 39 39 39 40 40 40 41 41 41 42 42 42 42 43 43 43
91 90 91 91 91 91 92 92 91 91 90 88 87 86 85 84 83 83 82 82 82 82 81 81 81 80 79 78 78 77 76 75 74 73 72 70 69 68 66 65 63 62 60 57 55 52 50 49 47 45 44 43 42 42 42 41 41 40 40 40 40 39 39 39 39 39 39 38 38 38 38 38 38 38 38 38 38 38 38 39 39 39 39 40 40 40 41 41 41 42 42 42 42 43 43 43
91 91 91 91 92 92 92 92 92 91 90 88 87 86 85 84 84 83 83 82 82 82 81 81 80 79 78 78 77 76 75 74 73 72 70 69 68 66 65 63 62 60 58 56 53 51 49 47 46 45 44 43 42 42 41 41 41 40 40 40 39 39 39 39 38 38 38 38 38 38 38 38 38 38 38 38 38 38 38 39 39 39 39 40 40 40 41 41 41 41 42 42 42 42 43 43
92 92 92 92 92 92 92 92 92 91 90 88 86 85 85 84 84 84 83 83 82 82 81 81 80 79 77 77 76 75 74 73 72 70 69 68 66 65 63 62 60 59 56 54 52 50 48 46 45 44 43 42 42 41 41 41 40 40 40 39 39 39 39 38 38 38 38 38 38 38 37 37 37 37 37 38 38 38 38 39 39 39 39 40 40 40 41 41 41 41 42 42 42 42 42 42
92 92 92 92 93 92 92 92 91 91 89 87 86 85 85 84 84 84 83 83 82 82 81 80 79 78 76 76 75 74 73 72 70 69 67 66 64 63 61 60 59 57 55 53 51 49 47 46 44 43 43 42 42 41 41 40 40 40 40 39 39 39 38 38 38 38 38 37 37 37 37 37 37 37 37 37 38 38 38 38 39 39 39 40 40 40 41 41 41 41 41 42 42 42 42 42
92 92 92 92 92 92 91 91 90 89 88 86 85 84 84 84 84 84 83 83 82 81 81 80 79 77 76 75 74 73 72 70 69 67 66 64 63 61 60 59 58 56 54 52 51 49 47 45 44 43 42 42 41 41 40 40 40 40 39 39 39 38 38 38 38 38 37 37 37 37 37 37 37 37 37 37 38 38 38 38 39 39 39 40 40 40 40 41 41 41 41 41 42 42 42 42
92 92 92 91 91 91 90 89 88 87 86 85 84 83 83 83 83 83 83 83 82 81 81 80 79 77 76 75 73 72 70 69 67 66 64 62 61 60 58 57 56 55 53 51 50 48 46 45 44 43 42 42 41 41 40 40 40 39 39 39 39 38 38 38 38 37 37 37 37 37 37 37 37 37 37 37 37 38 38 38 39 39 39 40 40 40 40 40 41 41 41 41 41 41 41 41
91 91 90 90 89 89 88 87 86 85 84 82 82 82 82 82 83 83 83 83 82 82 81 80 79 77 76 75 73 71 69 68 66 64 62 60 59 58 57 56 55 53 52 50 49 47 46 45 43 43 42 41 41 40 40 40 39 39 39 39 38 38 38 38 37 37 37 37 37 36 36 36 36 37 37 37 37 38 38 38 39 39 39 39 40 40 40 40 40 41 41 41 41 41 41 41
91 90 88 87 87 86 86 85 84 82 81 80 79 80 80 81 82 82 83 83 82 82 81 80 79 77 76 75 73 71 69 68 66 63 61 59 57 56 55 53 52 51 50 49 48 46 45 44 43 42 42 41 41 40 40 39 39 39 39 38 38 38 38 37 37 37 37 37 36 36 36 36 36 36 37 37 37 38 38 38 39 39 39 39 40 40 40 40 40 40 41 41 41 41 41 41
91 89 87 86 85 84 84 83 82 80 79 78 77 77 77 79 80 82 82 82 82 82 81 80 78 77 76 74 73 71 69 68 66 63 61 59 56 54 52 51 50 50 49 48 46 45 44 44 43 42 42 41 40 40 40 39 39 39 38 38 38 38 37 37 37 37 37 36 36 36 36 36 36 36 37 37 37 38 38 38 39 39 39 39 39 40 40 40 40 40 41 41 41 41 41 41
91 88 87 85 84 83 83 82 80 79 77 76 75 75 75 77 79 81 82 82 82 81 81 80 78 76 75 73 72 71 69 67 65 63 61 58 55 53 51 50 49 48 47 46 45 45 44 43 42 42 41 41 40 40 39 39 39 39 38 38 38 37 37 37 37 37 36 36 36 36 36 36 36 36 37 37 37 38 38 38 38 39 39 39 39 40 40 40 40 40 40 41 41 41 40 40
90 88 86 85 83 82 81 80 79 77 75 74 73 73 74 75 77 80 81 81 81 81 81 79 77 75 74 72 71 69 68 66 64 62 60 58 55 52 50 48 47 46 46 45 44 44 43 42 42 41 41 40 40 40 39 39 39 38 38 38 37 37 37 37 37 36 36 36 36 36 36 36 36 36 37 37 37 37 38 38 38 39 39 39 39 40 40 40 40 40 40 40 40 40 40 40
89 88 86 84 83 82 81 80 78 76 74 72 71 72 73 74 75 78 80 81 80 80 80 79 77 74 72 71 69 68 66 64 62 60 59 57 54 51 49 48 47 45 45 44 44 43 42 42 41 41 40 40 40 39 39 39 38 38 38 38 37 37 37 36 36 36 36 36 36 35 35 36 36 36 36 37 37 37 38 38 38 39 39 39 39 39 40 40 40 40 40 40 40 40 40 40
88 87 85 84 83 82 81 79 77 75 73 71 70 70 71 73 74 77 79 79 80 79 79 78 76 73 71 69 68 66 64 62 60 58 57 55 53 50 49 47 46 45 44 43 43 42 42 41 41 40 40 40 39 39 39 39 38 38 38 37 37 37 36 36 36 36 36 36 35 35 35 36 36 36 36 37 37 37 38 38 38 39 39 39 39 39 40 40 40 40 40 40 40 40 40 40
87 86 85 83 82 81 80 79 77 75 72 70 69 68 69 71 73 75 77 78 78 78 77 76 74 72 69 68 66 64 61 60 58 56 55 53 51 49 48 46 45 44 43 43 42 42 41 41 40 40 40 39 39 39 39 38 38 38 37 37 37 37 36 36 36 36 36 35 35 35 35 35 36 36 36 37 37 37 38 38 38 39 39 39 39 39 39 40 40 40 40 40 40 40 40 40
86 85 84 83 82 81 79 78 76 74 72 69 67 66 66 69 71 73 74 75 75 75 75 73 72 70 68 66 64 61 59 58 56 54 53 51 50 48 46 46 45 44 43 42 41 41 40 40 40 40 39 39 39 39 38 38 38 38 37 37 37 36 36 36 36 35 35 35 35 35 35 35 36 36 36 37 37 37 38 38 38 39 39 39 39 39 39 39 39 40 40 40 40 40 40 40
86 85 84 82 81 80 78 77 75 73 71 69 66 64 64 66 68 69 70 71 72 72 71 71 69 68 66 64 62 59 57 56 54 53 51 50 48 47 45 45 44 43 42 42 41 40 40 40 39 39 39 39 38 38 38 38 38 37 37 37 37 36 36 36 35 35 35 35 35 35 35 35 36 36 36 37 37 37 38 38 38 38 39 39 39 39 39 39 39 39 39 40 40 40 40 40
86 85 83 82 81 79 77 76 74 73 70 68 65 63 62 62 63 64 66 67 68 68 68 68 67 65 64 62 60 58 56 54 52 51 50 48 47 46 45 44 43 42 42 41 40 40 39 39 39 39 38 38 38 38 38 38 37 37 37 37 36 36 36 36 35 35 35 35 35 35 35 35 36 36 36 37 37 37 38 38 38 38 39 39 39 39 39 39 39 39 39 39 39 40 40 40
85 84 83 82 81 79 77 75 74 73 70 67 65 63 61 60 60 61 62 63 64 65 65 65 64 63 62 60 58 56 54 52 51 49 48 47 46 45 44 43 42 42 41 41 40 39 39 39 38 38 38 38 38 38 38 37 37 37 37 36 36 36 36 36 35 35 35 35 35 35 35 35 36 36 36 37 37 37 38 38 38 38 38 39 39 39 39 39 39 39 39 39 39 39 40 40
85 84 83 82 81 80 78 76 75 73 70 68 66 64 62 60 59 58 59 60 61 61 62 62 62 61 60 58 56 55 53 51 49 48 47 46 45 44 43 43 42 41 41 40 40 39 39 38 38 38 38 37 37 37 37 37 37 37 36 36 36 36 36 36 35 35 35 35 35 35 35 35 36 36 36 37 37 37 38 38 38 38 38 39 39 39 39 39 39 39 39 39 39 39 39 39
85 84 83 83 82 81 79 77 76 74 71 69 68 66 64 62 59 57 57 58 58 58 59 59 59 58 57 56 54 53 51 50 48 47 46 45 44 43 43 42 41 41 40 40 39 39 38 38 37 37 37 37 37 37 37 37 37 36 36 36 36 36 36 35 35 35 35 35 35 35 35 35 36 36 36 37 37 37 38 38 38 38 38 38 39 39 39 39 39 39 39 39 39 39 39 39
85 84 83 83 82 81 80 78 77 74 73 71 69 67 66 63 60 57 55 56 56 56 56 56 56 56 55 54 52 51 49 48 47 46 45 44 44 43 42 41 41 40 40 39 39 38 38 37 37 37 37 37 37 37 37 36 36 36 36 36 36 36 35 35 35 35 35 35 35 35 35 36 36 36 36 37 37 37 37 38 38 38 38 38 38 38 39 39 39 39 39 39 39 39 39 39
85 84 83 83 82 81 80 78 77 75 73 71 70 68 67 65 62 58 55 54 54 54 54 54 54 54 53 52 51 49 48 47 46 45 44 43 43 42 42 41 40 40 39 39 38 38 38 37 37 36 36 36 36 36 36 36 36 36 36 36 35 35 35 35 35 35 35 35 35 35 35 36 36 36 36 37 37 37 37 38 38 38 38 38 38 38 38 38 38 39 39 39 39 39 39 39
