geoxygene-sig3d-gui/src/main/resources/demo3d/bdalti/echantillon72/MNT_25M_asc.asc
ncols         401
nrows         401
xllcorner     464987.50
yllcorner     6734987.50
cellsize      25.00
NODATA_value  -9999
[rows 0 to 54 of 401, columns 0 to 95 of 401]
51 52 52 52 52 51 52 55 58 58 59 59 59 59 59 59 58 58 58 58 57 57 57 57 57 56 56 57 57 57 57 57 58 58 58 58 57 57 57 57 57 57 58 59 60 61 62 63 65 65 67 68 69 70 70 71 72 72 72 71 71 70 69 69 69 70 72 74 75 77 78 79 79 80 80 81 81 81 80 81 81 81 82 82 82 82 82 82 82 82 83 83 83 84 84 84
50 50 50 50 50 50 52 56 58 58 58 59 59 58 58 58 57 57 57 57 57 57 56 56 56 56 56 56 56 56 56 57 57 57 58 57 57 57 57 56 56 57 58 59 60 61 63 64 65 67 68 70 71 72 72 73 73 73 73 72 72 71 70 70 70 70 72 74 76 77 78 78 79 80 80 80 81 81 81 81 81 81 81 82 82 82 82 82 82 82 82 83 83 84 84 84
52 52 51 50 50 50 52 56 57 58 58 58 57 57 57 57 56 55 55 56 56 56 56 56 55 55 56 56 56 56 56 56 57 57 57 57 57 56 56 56 56 57 58 59 60 62 64 65 66 68 70 71 72 73 74 74 74 74 74 73 72 72 71 71 71 71 72 74 76 77 77 78 79 79 79 80 80 80 81 81 81 81 81 81 81 81 82 82 82 82 82 82 83 83 83 84
55 54 53 52 52 51 51 52 54 55 54 53 54 54 54 54 53 53 54 54 54 55 55 55 55 55 55 55 55 55 55 56 56 57 57 57 56 56 56 56 56 57 58 60 61 63 65 66 68 69 71 72 73 74 75 75 76 75 74 74 73 73 72 72 72 72 73 74 75 76 77 77 78 79 79 79 80 80 80 80 80 80 81 81 81 81 81 81 82 82 82 82 83 83 83 83
58 57 56 55 53 52 52 52 51 52 52 52 52 52 53 53 53 52 52 53 53 54 54 54 54 54 54 54 54 54 55 55 56 56 56 56 56 56 56 56 56 57 58 60 62 64 66 68 69 70 72 73 74 75 76 76 76 76 75 75 74 74 74 74 73 73 74 74 74 75 76 77 77 78 78 79 79 79 79 79 80 80 80 80 80 81 81 81 82 82 82 82 83 83 83 83
60 59 58 57 55 54 54 53 53 52 53 53 53 53 54 55 54 53 53 52 53 53 53 53 53 53 53 53 53 54 54 54 54 55 55 55 55 55 55 56 56 58 59 61 64 66 68 70 71 72 73 74 75 76 76 76 76 76 76 75 75 75 75 75 75 75 75 74 75 75 76 76 77 77 78 78 78 78 79 79 80 80 80 80 80 81 81 81 82 82 82 83 83 83 83 83
61 60 59 58 57 55 56 56 55 55 55 55 55 55 55 56 55 55 54 53 54 55 55 55 55 55 55 55 55 55 54 54 54 54 54 55 55 55 55 56 57 59 60 62 65 68 70 72 73 74 75 75 76 76 77 77 77 77 76 76 75 75 76 76 76 76 75 75 75 76 76 76 77 77 78 78 77 78 78 79 80 80 81 81 81 81 81 82 82 82 82 83 83 83 83 83
62 61 60 59 59 57 57 58 57 56 56 56 56 56 56 56 56 56 55 54 55 56 56 56 56 56 56 56 56 55 55 55 55 55 54 54 55 55 55 56 58 60 62 64 66 69 71 73 74 75 76 76 76 76 77 77 77 77 77 76 76 76 76 76 76 76 76 76 76 76 76 77 77 77 78 78 79 79 79 80 81 81 81 81 81 82 82 82 82 82 82 83 83 83 83 83
62 62 61 61 60 60 59 59 59 58 57 57 57 57 57 57 57 57 56 55 55 55 56 56 57 57 57 57 56 56 56 56 56 55 55 54 55 55 56 57 59 61 63 65 68 70 72 74 75 75 76 76 76 77 77 77 77 77 77 76 76 76 76 76 77 76 76 76 76 76 76 77 77 78 78 79 80 80 80 81 81 81 81 82 82 82 82 82 82 83 83 83 83 83 83 84
63 62 62 62 62 61 61 61 60 59 58 58 57 57 57 57 57 57 56 56 55 55 56 56 57 57 57 57 57 57 57 56 56 56 55 55 55 55 56 58 60 61 63 66 69 71 73 74 75 75 75 76 76 77 77 77 77 77 77 77 77 76 77 77 77 77 77 76 76 76 77 77 77 78 79 79 80 81 81 81 82 82 82 82 82 82 82 83 83 83 83 83 83 83 84 84
62 62 62 62 62 62 62 61 61 60 59 58 58 58 58 58 57 57 57 56 56 55 55 56 57 57 57 58 57 57 57 57 56 56 55 55 55 56 57 59 61 62 64 66 69 71 73 74 75 75 75 76 76 77 77 77 77 77 77 77 77 77 77 77 77 77 77 77 77 77 77 77 78 78 79 79 80 81 81 82 82 82 82 82 82 82 83 83 83 83 83 83 83 84 84 84
62 62 62 62 62 62 62 61 61 60 60 59 59 58 58 58 58 58 57 57 56 56 55 56 56 57 58 58 58 58 58 57 57 56 56 55 55 56 57 59 61 62 64 66 69 71 73 74 75 75 76 76 77 77 77 77 77 77 77 77 77 77 77 77 77 77 77 77 77 77 77 77 78 78 78 79 80 81 82 82 82 82 82 82 82 83 83 83 83 83 83 83 84 84 84 84
62 62 62 62 62 62 62 62 61 60 60 60 59 59 58 58 58 58 57 57 56 56 56 56 56 57 58 58 58 58 58 58 57 57 56 56 55 55 56 59 61 62 64 66 68 70 72 73 74 75 76 76 77 77 77 77 77 77 77 77 77 77 77 76 77 77 77 77 77 77 78 78 78 78 78 78 80 81 82 82 82 82 82 82 83 83 83 83 83 83 84 84 84 84 84 84
62 62 62 62 62 62 62 62 61 61 61 60 60 59 59 59 59 58 58 58 57 56 56 56 56 57 57 58 58 58 58 58 58 57 57 57 56 55 56 58 60 62 63 65 67 69 71 72 73 75 76 77 77 77 77 77 77 77 77 77 76 76 76 76 76 77 77 78 78 78 78 78 78 79 79 79 80 81 81 82 82 82 82 83 83 83 83 83 83 84 84 84 84 84 84 84
62 62 62 62 62 62 62 61 61 61 61 61 60 60 59 59 59 59 58 58 58 57 56 56 56 57 57 58 58 58 58 58 58 58 58 58 56 56 56 57 59 61 62 63 65 67 69 71 73 74 76 76 76 76 76 77 77 77 76 76 76 76 76 76 77 77 78 78 78 79 79 79 79 80 80 80 81 81 82 82 82 82 83 83 83 83 83 83 83 84 84 84 84 84 84 84
61 62 62 62 62 62 62 62 61 61 61 61 61 60 60 59 59 59 59 59 58 57 57 57 57 57 57 57 58 58 58 59 59 59 58 58 57 56 55 56 58 59 61 62 64 66 68 70 72 74 75 76 76 76 76 76 76 76 76 75 75 75 75 76 77 78 78 79 80 80 80 80 80 81 81 81 81 81 82 82 82 82 83 83 83 83 83 83 84 84 84 84 84 84 84 84
61 61 61 62 62 62 62 62 61 61 61 61 61 60 60 60 60 59 59 59 58 58 57 57 57 57 57 57 57 58 58 58 59 59 59 58 57 56 56 55 56 58 59 61 62 65 67 69 71 72 74 75 75 75 75 76 76 76 75 75 75 75 76 77 78 78 80 80 80 80 80 81 81 81 81 82 82 82 82 82 82 82 83 83 83 83 83 84 84 84 84 84 84 84 84 84
61 61 61 61 61 61 61 61 61 61 61 61 61 61 60 60 60 60 59 59 58 58 58 57 57 57 57 57 57 57 58 58 59 59 59 58 58 57 56 56 56 57 58 59 61 63 65 67 69 71 72 73 74 74 74 75 75 75 74 74 75 75 76 77 78 79 80 81 81 81 81 81 81 82 82 82 82 82 82 82 82 82 83 83 83 83 83 84 84 84 84 84 84 84 84 84
61 61 61 61 61 61 61 61 61 61 61 61 61 61 61 60 60 60 59 59 59 58 58 57 57 57 57 57 57 57 58 58 59 59 59 59 58 57 57 56 56 56 57 59 60 62 64 65 67 69 71 72 73 73 73 73 73 73 74 74 75 76 77 78 79 80 80 81 81 81 81 81 81 82 82 82 82 82 82 82 82 82 83 83 83 83 84 84 84 84 84 84 84 84 84 85
62 62 61 61 61 61 61 61 61 61 61 61 61 61 61 60 60 60 60 59 59 59 58 58 57 57 57 57 57 57 58 58 58 59 59 59 58 57 57 56 56 56 57 58 59 61 62 63 65 67 70 72 72 71 71 71 71 72 73 74 75 76 77 78 79 80 80 80 80 81 81 81 81 81 82 82 82 82 82 82 82 82 83 83 83 83 84 84 84 84 84 84 84 84 84 85
62 62 62 62 61 61 61 61 61 61 61 61 61 61 61 60 60 60 60 59 59 59 58 58 58 57 57 57 57 57 57 58 58 58 58 58 58 58 57 57 57 57 57 58 59 60 61 62 63 65 68 71 71 70 69 69 70 71 74 75 76 77 77 78 79 79 80 80 80 80 80 80 81 81 81 81 81 81 82 82 82 82 82 83 83 83 83 83 84 84 84 84 84 84 85 85
62 62 62 62 62 62 62 62 61 61 61 61 61 61 61 60 60 60 60 59 59 59 59 58 58 57 57 57 57 57 57 57 58 58 58 58 58 58 57 57 57 58 58 58 58 59 59 60 61 63 66 68 69 68 67 67 69 71 74 76 76 77 77 78 78 79 79 79 79 79 79 80 80 80 81 81 81 81 81 81 82 82 82 82 83 83 83 83 83 84 84 84 84 84 85 85
62 62 62 62 62 62 62 62 61 61 61 61 61 61 60 60 60 60 59 59 59 59 59 58 58 58 57 57 57 57 57 57 58 58 58 59 58 58 58 58 58 58 59 59 59 59 59 60 60 62 64 66 67 66 66 67 69 72 74 75 76 77 77 77 78 78 78 78 78 78 79 79 79 79 80 80 80 81 81 81 81 82 82 82 83 83 83 83 83 83 84 84 84 85 85 85
62 62 62 62 62 62 62 62 62 61 61 61 61 60 60 60 60 59 59 59 59 59 58 58 58 58 58 57 57 57 57 58 58 58 58 59 59 58 58 58 58 59 59 59 59 60 60 61 61 61 62 64 65 65 65 67 69 72 73 74 75 76 76 76 76 76 77 77 77 77 78 78 78 79 79 79 80 80 80 80 81 81 82 82 82 83 83 83 83 84 84 84 85 85 85 85
62 62 62 62 62 62 62 62 62 61 61 61 61 60 60 60 59 59 59 59 59 58 58 58 58 58 58 57 57 57 58 58 58 58 58 59 59 59 59 59 59 59 60 60 60 60 61 61 61 61 61 62 63 64 66 67 69 71 73 73 74 75 75 75 75 75 75 75 75 76 77 77 78 78 78 79 79 80 80 80 81 81 82 82 82 83 83 83 83 84 84 84 85 85 85 85
62 62 62 62 62 62 62 62 62 61 61 61 61 60 60 59 59 59 59 59 58 58 58 58 58 58 58 58 57 58 58 58 58 58 59 59 59 59 59 59 60 60 60 60 61 61 62 62 62 62 62 62 62 63 65 66 68 70 71 72 73 73 73 73 74 74 75 75 76 76 76 77 78 78 78 79 79 80 80 80 81 81 81 82 82 82 83 83 83 84 84 85 85 86 86 86
62 62 62 62 62 62 62 62 62 61 61 61 61 60 60 59 59 59 58 58 58 58 58 58 58 58 58 58 58 58 58 58 58 59 59 59 59 60 60 60 60 60 61 61 61 62 63 63 63 64 64 63 63 63 63 65 66 68 69 70 71 71 71 72 74 74 75 76 76 76 77 77 78 78 79 79 80 80 80 80 81 81 81 82 82 82 83 83 84 84 84 85 86 86 86 86
62 62 62 62 62 62 62 62 62 61 61 61 60 60 59 59 58 58 58 58 58 58 58 58 58 58 58 58 58 58 58 58 58 59 59 60 60 60 60 60 61 61 61 62 62 63 64 64 65 65 65 65 65 64 63 64 65 66 67 69 70 71 71 73 74 75 76 76 77 77 77 78 78 78 79 79 80 80 80 81 81 81 81 82 82 82 83 83 84 84 85 85 86 87 87 87
62 62 62 62 62 62 62 62 62 61 60 60 60 59 59 59 58 58 58 58 58 58 58 58 58 58 58 58 58 58 58 58 59 59 59 60 60 60 60 61 61 61 62 63 64 64 65 65 66 67 67 67 66 66 65 64 64 65 67 69 70 71 73 74 75 76 76 77 77 77 78 78 78 79 79 80 80 80 81 81 81 81 81 82 82 82 83 83 84 85 85 86 87 87 87 87
61 62 62 62 62 62 62 62 62 61 60 60 59 59 59 58 58 57 57 57 57 57 58 58 58 58 58 58 58 58 58 58 59 59 60 60 61 61 61 61 62 62 63 64 65 66 66 67 67 68 69 68 68 67 66 65 64 66 67 69 71 73 74 75 76 76 77 77 77 78 78 78 79 79 79 80 80 81 81 81 81 81 82 82 82 83 83 84 84 85 86 86 87 88 88 88
61 61 62 62 62 62 62 62 62 61 61 60 60 59 59 58 58 57 57 57 57 57 58 58 58 58 58 58 58 58 58 58 58 59 60 60 61 61 62 62 62 63 64 66 66 67 68 68 69 70 70 70 70 69 67 65 64 65 67 69 72 73 74 76 76 77 77 77 78 78 78 78 79 79 80 80 81 81 81 81 81 81 82 82 83 83 84 84 85 86 86 87 87 88 88 88
61 61 62 62 62 62 62 62 62 61 61 61 60 59 58 58 58 58 58 58 58 58 58 58 58 58 58 58 58 58 58 58 58 59 60 61 62 62 63 64 64 64 66 67 68 69 69 70 71 72 72 71 71 70 68 66 65 65 66 69 72 73 74 75 76 77 77 77 78 78 78 79 79 80 80 81 81 81 81 81 82 82 82 83 83 84 84 85 86 87 87 88 88 88 88 88
61 61 62 62 62 62 62 62 62 61 61 61 60 60 59 59 59 59 59 59 59 58 58 58 58 58 58 58 58 58 58 58 58 59 60 61 62 63 64 65 67 67 69 70 70 71 71 72 73 73 73 73 72 71 69 67 66 65 65 68 71 72 73 74 75 76 77 77 78 78 79 79 79 80 80 81 81 81 82 82 82 82 83 83 84 84 85 86 87 88 88 88 88 88 88 88
61 61 62 62 62 62 62 62 62 62 62 62 61 60 60 60 61 61 60 60 59 59 59 59 59 58 58 58 58 58 58 58 58 59 60 61 63 64 66 68 70 71 71 72 72 73 74 74 74 74 74 73 72 71 70 68 67 66 65 66 69 70 71 73 74 76 77 77 78 78 79 79 80 80 81 81 81 82 82 82 82 83 83 84 84 85 86 87 88 88 89 89 89 89 88 87
61 62 62 62 62 62 62 62 62 62 62 62 62 62 62 62 63 62 62 62 61 61 61 61 60 58 58 58 58 58 58 58 58 59 60 62 63 65 67 70 71 72 73 74 74 75 76 76 75 75 74 74 73 72 71 69 67 66 66 65 67 68 70 71 73 75 76 77 78 78 79 79 80 80 81 81 82 82 82 83 83 84 84 85 85 86 86 87 88 89 89 89 89 89 88 87
62 62 62 62 62 62 62 63 63 64 64 64 64 64 64 65 65 65 65 64 64 63 63 62 61 59 58 58 58 58 58 58 58 58 60 62 64 66 69 71 73 74 75 75 76 76 77 76 76 75 75 74 73 72 71 69 68 68 67 66 65 67 69 70 73 74 76 77 78 78 79 79 80 80 81 82 82 83 83 84 84 85 86 86 87 87 87 88 89 89 89 89 89 88 88 86
62 62 62 62 62 62 63 64 65 65 66 66 66 67 67 68 68 67 67 67 66 66 65 64 62 60 59 58 58 58 58 58 58 58 60 62 65 68 70 72 74 75 76 77 77 77 77 77 76 76 75 74 73 72 71 69 69 69 68 67 65 66 69 71 73 74 75 76 77 78 79 80 80 81 81 82 83 83 84 84 85 86 86 87 88 88 88 88 89 89 89 89 88 88 87 85
62 62 63 63 63 63 64 66 67 68 68 69 69 70 71 71 71 70 69 69 68 67 67 66 64 63 62 61 60 59 58 58 58 58 60 62 65 68 71 73 75 76 77 78 78 78 77 77 76 76 75 74 73 72 71 69 70 70 70 69 67 66 68 71 73 74 75 76 77 78 79 79 80 81 82 82 83 84 84 85 86 86 87 88 88 89 89 89 89 89 89 89 88 87 86 85
63 63 63 63 64 64 65 67 69 70 70 71 72 72 73 73 73 72 71 71 70 69 68 67 67 66 65 64 63 62 61 60 59 59 61 63 66 69 72 74 76 77 78 78 78 78 78 77 77 76 75 74 73 72 70 70 71 72 72 71 70 67 67 70 73 74 75 76 77 78 79 79 80 81 82 83 83 84 85 85 86 87 88 88 89 89 89 89 89 89 89 89 88 87 86 85
63 64 64 64 65 65 67 69 70 71 72 73 73 74 74 74 74 74 73 73 72 71 70 69 69 68 67 67 66 66 65 63 62 60 62 64 67 70 72 75 77 78 78 79 79 78 78 77 77 76 75 74 73 71 70 70 72 73 73 73 72 69 67 69 72 74 75 76 77 78 78 79 80 81 82 83 84 84 85 86 86 87 88 89 89 89 89 89 89 89 89 89 88 87 86 85
64 64 65 65 66 67 69 71 72 73 73 74 74 75 75 76 76 75 75 75 74 73 72 72 71 70 70 70 69 69 68 67 65 63 63 65 68 70 73 76 77 78 79 79 79 79 78 78 77 76 75 74 73 71 70 71 72 74 74 74 73 72 69 69 70 72 75 76 77 78 78 79 80 81 82 83 84 85 85 86 87 87 88 89 89 89 89 89 89 89 89 89 88 87 86 85
65 65 66 67 68 69 71 72 73 74 74 75 76 76 77 77 77 77 76 76 76 75 75 74 74 73 73 72 72 71 70 69 68 66 65 65 68 71 74 76 78 79 79 79 79 79 78 78 77 77 76 74 73 72 71 72 73 75 75 75 75 74 72 71 69 71 73 75 76 77 78 78 79 80 82 83 84 85 85 86 87 88 88 89 89 89 89 89 89 89 89 89 88 88 87 86
66 67 67 68 69 70 71 73 74 74 75 76 77 77 78 78 78 78 77 77 77 77 77 76 76 76 76 75 74 74 73 71 69 68 66 65 68 72 75 76 78 79 79 79 79 79 78 78 77 77 76 74 73 72 72 73 74 75 76 76 76 75 74 73 71 69 71 73 75 76 77 78 79 80 81 82 83 84 86 87 87 88 88 88 88 88 89 89 89 89 89 89 88 88 87 86
67 68 69 69 70 71 72 73 74 75 76 77 77 78 78 78 78 78 78 78 78 78 78 78 77 77 77 77 76 75 74 72 71 68 66 66 69 72 75 77 78 78 79 79 79 79 78 78 78 77 76 74 73 72 73 74 75 76 77 77 77 77 76 75 73 70 70 71 73 75 76 77 78 79 80 81 82 84 85 86 87 88 88 88 88 88 88 88 89 89 89 89 88 88 87 85
69 69 70 70 71 72 73 74 75 76 77 77 78 78 79 79 79 79 79 79 79 79 79 79 78 78 78 77 77 76 75 73 71 69 67 66 69 73 75 77 77 78 79 79 79 79 79 78 78 77 75 74 73 73 74 75 76 77 77 78 78 78 77 76 74 72 71 70 71 73 74 75 76 78 79 80 81 82 84 85 86 87 87 87 87 87 87 88 88 88 89 88 88 87 86 84
71 71 71 72 72 73 73 74 75 76 77 78 78 79 79 79 79 79 79 79 79 79 79 79 79 78 78 78 77 76 75 73 71 69 67 68 70 73 76 77 77 78 78 79 79 79 79 78 78 76 75 73 73 73 74 75 76 77 78 78 78 78 78 77 76 74 73 71 70 71 72 73 75 76 77 78 79 81 82 84 85 86 87 86 86 87 87 87 87 87 87 87 86 85 84 83
71 72 72 73 74 74 74 75 76 76 77 78 79 79 79 79 79 79 79 79 79 79 79 79 79 78 78 78 77 76 75 73 71 69 68 69 71 74 76 77 78 78 78 79 79 79 78 78 77 76 74 74 74 74 75 76 76 77 78 78 79 79 79 78 77 76 75 73 72 71 71 71 73 74 76 77 78 80 81 82 84 86 86 85 85 86 86 86 86 85 85 85 85 84 83 81
72 73 73 74 75 76 76 75 76 77 77 78 79 79 79 79 79 79 79 79 79 79 79 79 79 79 78 78 77 76 74 72 71 69 69 71 73 75 76 77 78 78 79 79 79 79 78 77 77 76 74 74 74 75 75 76 77 77 78 79 79 79 79 79 78 77 76 76 75 74 73 73 71 72 73 75 77 78 79 81 82 84 84 84 84 85 85 85 84 83 82 82 82 82 81 79
73 73 74 75 76 76 76 76 76 77 78 78 79 79 79 79 79 79 79 79 79 79 79 79 79 78 78 78 77 75 73 71 70 70 71 73 74 76 77 78 78 79 79 79 79 78 78 77 76 75 75 75 75 75 75 76 77 78 78 79 79 80 80 80 79 79 78 78 77 77 76 76 75 74 75 75 75 76 78 79 81 82 83 83 83 84 84 83 82 81 80 80 80 80 79 78
73 74 75 75 76 77 77 77 77 78 78 78 79 79 79 79 79 79 79 79 79 79 79 78 78 78 78 77 76 74 71 70 71 72 73 74 76 77 78 78 79 79 79 79 79 78 78 76 75 76 76 76 76 76 76 77 78 78 79 79 80 80 80 81 81 80 80 80 79 79 79 78 77 76 76 75 75 75 76 77 79 80 81 81 81 82 82 82 80 79 78 78 78 78 78 78
74 75 75 76 76 77 77 77 78 78 78 79 79 79 79 79 79 79 79 79 79 79 78 78 78 78 78 77 75 72 71 71 72 74 75 76 77 78 79 79 79 79 79 79 79 78 77 76 76 76 77 77 77 77 77 78 78 79 79 80 80 80 81 81 82 82 82 81 81 81 80 80 79 78 77 77 76 76 75 76 77 78 79 79 80 80 80 80 78 77 77 77 77 77 78 79
74 75 76 76 77 77 77 77 78 78 78 79 79 79 79 79 79 79 79 79 79 78 78 78 78 78 77 76 75 71 70 72 74 75 76 78 78 79 79 79 79 79 79 79 79 78 77 76 76 77 77 78 78 78 78 79 79 79 80 80 80 81 81 82 82 83 83 83 83 82 82 81 80 80 79 78 77 76 76 75 76 76 77 77 78 78 78 77 76 76 76 76 77 79 80 81
75 76 76 77 77 77 77 78 78 78 78 79 79 79 79 79 79 79 79 79 79 78 78 78 78 77 77 75 74 71 72 74 76 77 78 78 79 80 80 80 80 80 80 79 79 78 78 77 77 78 78 78 79 79 79 80 80 80 80 81 81 81 82 83 83 84 84 84 84 83 83 82 82 81 80 79 78 77 76 75 75 75 76 75 76 76 76 76 76 77 76 77 78 80 81 82
75 76 77 77 77 78 78 78 78 78 78 79 79 79 79 78 78 78 78 78 78 78 78 78 78 77 76 74 72 71 73 75 77 77 78 79 80 80 80 80 80 80 80 80 79 79 78 78 78 78 79 79 80 80 80 81 81 81 81 81 82 82 83 83 84 85 85 85 85 84 84 83 83 82 81 80 79 78 77 76 75 75 75 75 76 76 77 77 78 78 78 77 79 80 82 83
76 77 77 77 78 78 78 78 78 78 78 79 79 78 78 78 78 78 78 78 78 78 78 78 77 77 75 74 72 72 74 76 77 78 79 79 80 80 81 81 80 80 80 80 80 80 80 79 78 78 79 79 80 81 81 81 82 82 82 82 83 83 84 84 85 86 87 87 86 85 85 84 83 82 82 81 80 78 77 76 75 75 75 76 77 78 79 80 80 80 79 78 79 81 82 83
