geoxygene-sig3d/src/main/resources/demo3D/bdalti/echantillon72/MNT_50M_asc.asc
ncols         201
nrows         201
xllcorner     464975.00
yllcorner     6734975.00
cellsize      50.00
NODATA_value  -9999
[rows 55 to 109 of 201, columns 96 to 191 of 201]
96 96 96 96 96 96 96 95 95 95 96 96 96 96 96 97 97 97 97 96 96 95 94 94 95 95 95 95 95 95 95 95 95 96 96 97 98 98 99 98 98 97 96 94 93 92 91 90 88 87 84 82 81 81 80 78 77 75 76 77 77 77 76 76 75 74 71 67 65 67 69 70 71 69 65 61 60 59 60 66 74 79 81 80 78 74 72 71 69 69 67 68 70 73 75 76
95 95 95 95 95 96 96 96 96 96 96 96 96 96 96 97 97 97 97 97 97 96 95 95 95 95 96 96 96 95 95 95 95 96 96 97 98 98 99 99 98 97 96 95 94 94 93 92 91 88 86 83 81 80 79 78 77 77 79 80 80 79 78 77 77 75 72 69 68 66 63 63 65 65 62 60 60 59 59 62 68 74 76 73 69 66 64 63 64 64 64 66 67 67 68 69
94 93 94 94 95 96 96 96 96 96 96 96 96 96 96 96 97 97 97 97 97 97 97 96 96 96 96 96 96 96 96 96 96 96 97 98 98 99 99 99 98 98 97 96 95 95 94 93 91 90 88 87 85 82 80 78 78 80 82 82 82 80 79 78 77 76 75 74 73 72 70 68 65 64 65 64 62 60 59 59 63 68 69 65 63 60 60 63 68 70 69 71 72 74 75 74
92 92 92 93 94 95 96 96 96 96 96 96 96 96 96 96 96 97 97 97 97 97 97 97 96 96 97 97 96 96 96 96 97 97 98 98 98 99 99 98 98 98 97 97 96 96 95 93 91 90 89 89 87 84 81 79 80 83 84 84 83 81 79 78 78 77 77 77 78 77 75 73 69 70 70 67 65 62 59 58 59 61 62 60 58 62 65 69 74 77 78 77 79 82 83 82
90 90 90 91 92 95 96 96 96 96 96 96 96 96 96 95 95 96 96 96 97 97 97 97 97 97 97 97 97 96 96 96 97 98 98 98 98 98 98 98 98 98 97 97 96 96 94 93 91 90 91 90 87 85 82 81 84 86 86 86 85 82 80 79 78 78 78 79 80 79 78 77 76 74 73 70 66 63 60 58 57 57 57 59 63 67 70 73 77 82 87 87 87 87 87 86
88 88 89 91 93 94 95 95 96 96 96 96 96 96 95 95 95 95 95 96 96 97 97 97 97 97 97 97 97 97 96 96 97 98 98 98 98 97 97 96 97 97 97 97 96 95 94 93 92 91 91 90 86 85 83 84 86 87 88 87 86 83 81 80 79 79 79 80 81 80 80 80 79 76 74 71 68 65 61 59 57 56 58 63 68 71 74 77 84 90 92 92 92 91 90 88
88 89 91 93 94 95 95 96 96 96 96 96 96 95 95 94 94 94 94 95 95 96 96 97 97 97 97 97 97 97 96 96 96 97 97 97 97 96 95 95 96 96 96 96 96 95 94 93 92 92 91 89 87 85 85 86 87 88 88 88 87 85 83 81 80 80 80 81 81 81 81 80 79 77 75 72 69 66 62 60 57 56 58 64 70 74 78 85 90 93 93 93 93 93 91 90
90 91 92 94 95 96 96 96 96 96 95 96 95 95 94 93 93 93 93 94 94 95 96 96 97 97 97 97 97 97 96 96 95 96 96 96 95 95 94 94 95 95 96 96 96 95 94 93 92 91 91 90 88 87 87 87 88 88 88 88 87 86 84 82 81 81 81 81 81 81 80 80 79 77 75 73 70 66 63 60 57 55 57 63 70 76 84 90 93 94 93 93 93 93 92 90
92 93 94 94 95 96 96 96 96 95 95 94 94 93 93 93 92 92 93 93 94 95 95 96 96 96 97 96 96 96 96 96 95 95 95 95 95 94 94 94 94 95 96 96 96 95 94 93 92 91 91 91 90 89 88 88 88 88 88 88 87 86 85 83 82 82 81 81 81 80 79 79 78 77 75 73 70 67 63 60 56 54 58 67 74 81 88 93 94 94 94 93 93 93 92 91
94 94 95 95 96 96 97 96 95 94 93 92 92 92 92 91 91 92 92 93 94 94 95 95 96 96 96 96 96 96 95 95 95 94 94 93 93 93 92 93 94 95 95 95 95 95 94 93 91 90 90 91 91 90 89 89 88 88 88 88 87 86 85 84 83 82 81 80 79 79 78 77 76 76 74 71 68 66 63 59 55 54 60 71 77 85 91 93 93 93 93 93 93 92 91 91
95 95 96 96 96 96 97 96 95 92 91 91 90 90 90 90 91 91 92 93 93 94 95 95 96 96 96 95 95 95 94 94 94 94 92 91 91 91 91 92 94 94 94 95 95 94 94 93 91 89 90 90 91 91 90 90 89 88 88 87 87 86 85 84 83 82 81 79 78 77 76 74 73 72 70 66 64 62 61 58 55 53 58 71 81 87 91 92 93 93 93 93 92 91 91 91
96 96 96 96 96 96 96 96 93 90 89 89 88 88 88 89 91 92 92 93 94 95 95 96 96 96 96 95 95 94 94 93 93 93 91 90 90 90 91 92 93 93 93 94 94 94 94 93 91 89 89 91 91 91 91 90 89 88 87 87 86 86 85 83 82 81 79 78 76 75 73 72 71 70 67 65 62 59 58 56 54 53 58 69 80 85 89 91 92 93 93 92 91 91 91 91
97 96 96 96 96 96 96 94 92 90 88 87 86 86 88 91 94 94 94 95 95 96 96 96 96 96 96 95 95 94 94 93 92 92 92 91 90 89 90 91 91 91 92 93 94 94 93 92 90 88 89 90 91 90 90 90 89 88 87 86 85 85 84 82 81 80 78 77 77 76 75 74 74 73 71 68 65 60 60 59 56 52 55 66 77 82 85 87 89 91 91 90 91 91 91 91
97 96 96 96 96 95 94 92 91 90 88 86 84 87 91 93 96 97 96 96 97 97 97 97 97 97 96 95 94 94 93 93 92 92 92 91 89 88 89 90 90 90 90 92 93 93 92 91 89 88 88 89 89 89 89 89 89 88 87 86 85 84 83 81 80 80 80 78 77 77 76 76 75 74 72 69 66 63 62 61 56 51 53 61 71 77 79 80 83 84 87 89 90 91 91 90
97 96 96 96 96 95 93 91 90 89 87 84 85 90 93 94 96 97 98 97 97 97 98 98 98 98 97 95 94 94 93 92 92 92 92 91 90 87 87 88 88 88 89 90 92 92 92 91 88 86 87 88 87 88 87 88 88 88 87 87 86 85 84 83 82 82 81 80 78 77 77 76 75 75 73 70 68 67 64 60 56 51 51 57 66 69 70 73 74 77 82 86 89 91 90 90
97 96 96 94 94 94 92 91 90 87 83 83 88 92 94 95 96 97 98 98 98 98 98 99 100 100 98 96 95 94 93 93 93 93 92 91 89 87 86 86 86 86 87 89 90 91 91 90 88 85 85 85 85 85 84 87 87 87 87 87 86 86 85 84 83 83 81 80 78 77 76 76 75 75 74 72 72 70 65 60 56 52 50 55 61 64 65 69 72 77 82 86 88 90 90 90
96 96 95 92 90 92 91 89 88 84 81 86 91 94 95 96 96 97 98 98 98 99 99 100 101 101 100 98 96 95 93 93 93 93 91 90 89 88 86 85 85 85 87 88 89 89 89 89 88 85 82 81 82 82 82 84 86 87 87 87 86 86 86 85 84 82 81 79 78 77 76 76 75 76 75 75 74 72 66 62 57 51 50 53 57 62 68 73 77 82 86 86 88 89 90 89
95 95 94 92 88 87 88 85 83 80 83 89 93 95 96 96 97 98 98 98 98 99 100 101 101 101 100 99 97 95 94 94 94 93 91 90 90 89 87 86 85 85 86 87 87 88 88 87 86 84 81 80 79 79 79 81 85 86 86 86 86 86 86 85 83 82 80 78 77 77 76 76 77 77 77 77 76 74 70 64 58 52 50 53 56 63 70 76 81 85 87 87 87 88 89 89
93 94 93 91 88 85 84 81 80 83 88 92 94 96 96 96 97 97 98 98 98 99 101 101 101 101 100 99 98 97 95 94 94 93 92 91 91 89 87 86 86 85 83 85 86 85 85 84 83 82 80 79 77 77 77 81 84 85 85 85 85 85 85 84 82 80 79 78 77 77 77 77 78 79 79 78 77 75 72 66 59 53 49 52 55 62 69 77 82 85 87 87 87 88 88 88
91 93 92 91 88 83 79 79 82 87 91 93 94 95 95 96 96 97 97 98 98 99 101 101 101 101 100 100 99 97 96 94 94 93 93 92 91 89 88 86 85 84 81 81 83 83 82 81 80 80 79 78 76 75 76 81 84 85 84 83 83 84 84 83 81 79 78 77 77 77 77 78 79 80 79 79 78 76 74 68 60 54 49 52 55 60 67 76 81 85 87 88 88 87 87 87
89 90 90 89 87 82 77 78 85 88 91 92 92 93 94 94 94 95 95 96 97 99 100 101 101 101 101 100 99 98 97 95 95 96 96 94 91 90 89 88 87 86 83 81 80 80 79 79 80 80 79 78 76 73 75 81 84 84 83 81 81 82 82 81 80 78 77 77 77 77 77 79 80 80 80 79 78 76 73 70 63 54 49 51 55 59 66 73 80 85 87 88 88 87 87 86
86 87 85 84 84 79 75 78 84 85 84 87 89 90 90 91 92 93 94 94 96 98 100 101 101 101 101 100 100 100 99 99 98 98 98 97 95 93 91 89 88 87 85 82 82 82 81 81 81 81 80 79 77 72 75 83 85 84 82 80 80 81 80 79 78 77 76 76 76 76 78 80 80 80 80 79 77 75 72 69 64 55 50 50 54 58 65 73 80 84 86 87 87 87 86 86
82 80 79 78 76 76 74 78 80 83 85 84 85 87 89 90 91 92 94 95 97 98 100 101 101 101 101 101 101 101 102 101 101 101 100 100 99 97 95 93 90 89 86 84 84 85 84 83 83 82 81 79 77 71 76 83 84 83 81 78 78 78 78 78 77 77 76 74 74 75 78 80 80 80 79 78 77 76 72 67 61 55 49 49 52 58 65 74 81 84 86 87 87 87 86 85
77 74 72 71 71 74 75 79 84 88 90 87 88 90 91 91 92 94 96 97 97 98 100 101 101 101 101 101 101 102 103 103 102 102 102 102 101 100 99 96 93 91 87 86 87 86 85 85 85 84 82 80 76 71 76 82 84 82 79 76 75 75 76 76 76 75 74 72 72 75 77 79 80 80 79 78 77 75 72 68 62 54 49 47 52 57 65 76 82 84 86 86 86 86 86 85
73 68 69 71 74 80 80 81 88 92 93 91 90 91 92 92 92 95 97 97 98 99 100 101 101 102 102 102 102 102 103 103 103 102 102 102 102 101 100 98 96 93 91 89 88 87 86 86 86 86 84 81 78 73 74 80 82 80 77 73 71 71 72 72 72 72 71 70 70 74 77 78 79 79 78 78 76 73 70 66 60 53 49 47 52 57 66 76 82 84 85 85 85 85 85 84
67 69 73 79 82 85 85 84 89 93 93 93 93 92 92 92 93 94 96 97 98 98 99 101 101 102 102 102 102 102 102 103 102 102 102 102 102 102 101 99 97 95 93 92 90 88 87 87 87 87 86 84 81 76 70 74 77 76 73 69 67 67 67 66 67 66 65 66 69 73 75 77 78 78 78 77 75 71 67 63 57 53 49 47 52 57 67 77 82 84 85 85 84 84 83 83
67 74 82 85 88 89 89 86 88 92 93 94 94 93 93 93 93 94 95 96 97 98 99 100 101 101 101 102 102 102 102 101 101 101 101 101 102 102 101 99 97 95 93 92 91 89 87 87 86 86 86 86 84 81 73 69 68 67 66 63 62 61 61 59 60 60 60 62 67 71 74 76 77 77 76 75 74 70 66 62 57 52 48 47 53 59 71 79 83 84 84 84 83 82 82 82
72 81 88 90 91 91 90 89 89 91 93 93 94 94 93 93 94 94 95 95 96 96 97 99 101 101 101 101 101 101 101 100 100 100 99 100 101 101 99 97 96 94 92 91 90 88 87 86 86 86 86 86 86 83 78 75 72 68 66 67 66 64 64 63 61 57 56 58 63 64 70 73 75 76 76 75 74 71 68 64 58 52 48 47 54 63 73 81 83 84 84 84 82 81 81 80
77 86 90 92 92 92 91 92 91 91 92 93 94 94 94 94 94 94 94 94 95 95 95 97 100 101 101 101 101 100 99 99 98 98 97 97 99 99 97 95 93 91 90 90 88 87 86 85 85 85 85 86 86 86 83 81 79 74 73 72 71 70 70 69 66 62 58 55 56 59 62 66 72 75 75 75 73 71 68 64 56 52 47 47 55 67 76 82 84 84 85 84 81 79 78 74
80 88 90 91 91 91 92 92 92 92 92 93 94 94 94 94 94 93 93 93 93 94 95 97 98 99 100 100 99 98 96 96 97 95 94 94 97 98 97 95 91 89 88 87 86 85 85 84 83 83 84 86 86 86 85 84 83 80 77 75 74 73 72 70 69 67 64 61 56 55 55 58 65 73 75 75 73 71 67 61 55 51 46 48 55 67 77 82 84 85 84 83 80 74 74 68
81 87 89 89 90 90 91 92 93 92 92 93 93 94 94 94 93 93 92 92 92 93 94 95 97 98 99 98 98 96 94 94 95 94 92 92 96 97 97 96 93 90 87 85 85 84 83 83 82 82 84 85 86 86 85 85 84 83 81 80 76 75 73 71 70 70 68 67 65 58 53 52 58 68 73 74 73 71 66 60 54 50 47 47 55 68 77 82 84 84 84 83 79 72 65 63
79 84 86 87 89 90 91 92 93 93 93 93 94 94 94 94 93 92 91 90 90 91 92 93 95 96 97 96 96 94 92 90 91 92 91 91 94 96 97 96 94 91 88 85 84 83 83 81 80 81 83 85 86 86 86 85 85 84 83 81 79 76 73 72 71 70 70 69 67 62 57 50 54 65 72 73 72 70 67 62 54 49 46 47 55 68 77 81 83 84 84 82 79 73 64 59
72 80 83 87 89 90 91 92 93 93 93 94 94 94 94 94 93 92 90 89 89 89 91 92 92 94 94 94 93 92 90 88 88 89 90 91 93 95 95 96 94 91 89 87 86 84 83 81 80 80 82 84 86 86 86 85 85 84 83 81 79 76 74 72 71 70 70 68 66 63 57 51 53 62 69 72 72 70 67 62 55 49 45 46 54 65 76 81 83 84 84 82 79 71 61 59
70 76 83 87 90 91 92 92 93 93 93 94 94 94 94 94 93 91 89 89 88 88 89 89 90 91 91 92 91 90 89 87 86 86 89 91 92 93 94 95 94 92 90 88 87 85 84 82 79 80 82 84 86 86 86 85 85 84 82 80 78 75 73 72 70 69 68 67 65 62 55 50 53 60 66 71 71 70 67 62 55 48 45 46 53 63 75 80 83 84 84 82 79 66 59 60
73 77 85 88 90 91 92 92 93 93 93 94 94 94 94 93 93 92 90 90 88 86 87 87 88 89 89 89 89 88 88 87 86 85 87 90 91 92 93 93 93 92 90 88 87 86 84 82 79 79 82 84 86 86 86 85 84 82 81 79 76 74 73 71 69 68 67 64 62 60 54 49 51 57 62 68 70 69 66 62 55 48 45 46 52 61 73 80 83 84 84 82 77 65 58 58
79 81 87 90 91 92 92 92 92 93 93 93 94 94 94 93 92 92 91 90 88 86 85 86 86 87 87 87 87 87 86 86 86 85 86 88 90 91 91 92 92 91 89 87 86 85 82 80 77 78 82 84 85 85 85 84 82 81 80 77 75 73 72 71 68 66 64 62 59 56 53 50 49 52 57 63 68 68 66 61 55 49 44 45 51 60 70 79 83 84 83 82 78 69 58 57
81 85 89 91 92 92 92 92 92 93 93 93 93 93 93 93 92 91 91 90 88 86 85 85 85 85 85 85 85 84 84 84 84 84 85 87 88 89 90 90 90 90 88 86 85 83 80 77 76 78 82 83 84 84 83 82 81 80 78 76 74 73 72 70 68 66 65 63 61 58 55 52 50 48 51 57 64 67 65 60 55 50 45 44 48 59 68 79 83 84 83 82 79 72 61 56
84 87 90 92 92 93 92 92 92 93 93 93 93 93 92 92 92 91 90 89 88 86 84 84 83 83 83 83 82 81 81 81 81 81 83 85 86 88 88 89 89 88 87 86 84 82 79 75 75 77 81 82 82 82 82 81 81 80 78 76 74 73 71 70 69 68 67 66 64 62 59 55 52 48 47 52 58 64 64 60 54 50 45 44 47 57 70 80 83 83 83 82 79 72 61 56
87 86 90 92 93 93 92 92 92 92 92 92 92 92 92 91 91 90 89 88 87 86 85 84 83 82 81 80 80 79 79 78 78 78 81 82 84 86 87 87 87 87 87 86 84 81 78 75 74 76 79 80 81 81 81 80 80 79 77 75 75 74 73 72 72 71 70 68 67 65 62 58 53 50 46 47 53 59 62 59 54 50 45 44 47 60 73 80 82 82 82 81 78 69 61 55
90 87 89 92 93 92 92 92 92 92 92 92 91 90 91 91 90 90 89 88 88 87 86 85 84 84 83 82 81 80 79 78 77 75 76 76 79 83 85 86 86 87 87 86 83 80 78 75 73 74 77 79 79 80 80 79 79 79 78 76 76 75 75 74 73 72 71 70 68 67 64 60 56 53 49 46 47 53 58 58 54 49 44 45 51 66 76 81 82 81 81 79 75 66 58 56
91 89 90 92 92 92 92 92 92 92 92 92 91 90 90 90 90 90 89 89 89 88 87 86 85 85 85 85 85 83 82 82 83 79 75 73 74 79 83 85 86 87 87 85 83 80 77 75 73 72 74 77 78 78 78 79 78 78 78 77 76 77 76 75 74 73 72 71 69 67 65 62 59 56 53 50 46 47 51 54 53 48 43 47 57 73 79 81 81 81 79 77 70 60 54 56
91 90 90 91 92 92 92 92 92 92 92 92 91 91 90 90 90 90 90 90 90 89 88 87 86 86 86 87 87 86 86 86 85 81 76 72 72 76 81 84 86 87 87 85 82 79 77 75 73 71 71 73 76 77 77 77 78 78 77 77 77 77 77 76 75 74 72 71 70 68 66 64 61 58 55 52 48 46 45 48 49 45 44 52 65 77 80 80 81 80 77 72 64 55 52 58
91 91 90 91 92 92 92 92 92 92 92 92 91 91 91 91 91 91 91 91 90 90 89 88 87 87 87 88 88 88 87 86 85 80 75 73 71 72 76 81 85 86 86 84 81 79 77 75 73 72 68 69 73 74 75 76 77 77 77 77 77 77 76 76 75 74 73 71 70 68 67 65 62 59 56 53 50 48 45 45 46 43 47 55 69 78 80 80 80 77 73 66 57 51 55 63
92 92 91 91 92 92 92 92 92 92 91 91 91 91 91 91 91 91 91 91 91 90 89 88 87 87 88 88 89 89 88 86 83 81 77 74 71 69 72 77 83 85 85 83 80 79 77 76 74 72 68 65 70 72 72 73 75 76 77 77 77 76 76 75 75 74 72 71 70 69 67 66 63 60 56 53 52 49 46 44 44 43 46 56 71 79 80 80 77 72 66 60 50 51 57 67
93 92 91 91 92 92 92 92 92 91 91 91 91 91 91 91 91 91 91 90 90 90 89 88 87 87 88 89 89 88 87 85 84 82 80 76 72 69 69 75 81 83 83 82 80 78 77 76 74 72 69 65 66 68 69 70 73 75 76 76 76 76 75 75 74 73 72 71 70 69 67 66 64 61 58 54 52 49 46 46 45 43 44 55 70 78 78 78 74 67 62 54 49 52 62 72
92 89 89 91 92 92 92 92 91 91 91 91 91 91 91 90 89 89 89 89 89 89 88 87 86 87 87 88 88 88 87 85 84 82 79 76 73 69 67 72 77 80 81 80 78 77 76 75 74 72 70 66 62 63 66 69 73 75 76 76 75 75 75 74 73 72 71 70 69 68 67 65 64 61 57 54 51 49 48 47 46 44 43 50 67 77 78 76 72 64 58 49 49 57 67 77
89 85 87 91 91 91 91 92 91 91 90 90 90 90 90 88 87 88 88 87 87 87 86 86 85 85 86 86 87 86 86 84 82 81 78 76 73 69 65 71 75 78 78 78 77 75 75 74 73 72 70 66 63 60 62 68 72 74 75 75 74 74 74 73 73 72 71 70 68 66 65 63 61 58 55 54 53 52 51 49 48 45 42 47 62 76 76 74 70 61 54 47 50 62 72 78
84 81 84 86 85 87 90 91 91 90 90 90 90 90 89 86 85 86 86 85 84 84 83 83 82 84 84 84 84 84 84 82 80 78 77 75 73 69 64 69 73 76 76 75 75 74 74 73 73 71 70 68 65 61 57 61 66 72 73 73 73 73 73 73 72 71 70 69 67 65 63 61 59 58 57 56 55 53 52 50 48 45 42 44 57 72 74 71 64 57 50 45 51 61 69 71
75 73 77 78 79 83 87 89 89 89 89 89 90 89 88 87 85 85 85 83 81 81 81 80 80 81 82 81 80 80 81 79 77 76 75 73 71 67 63 68 71 73 74 73 73 73 72 72 72 71 70 68 66 62 57 55 60 68 71 71 72 72 72 72 71 71 70 69 68 66 65 64 63 63 61 59 57 55 52 50 48 45 42 43 55 71 69 64 57 51 46 46 49 55 58 59
62 63 68 69 68 75 83 85 85 87 88 88 89 89 88 87 85 85 84 82 81 80 79 79 79 79 79 78 77 77 77 76 74 73 72 70 67 64 62 65 68 69 69 69 69 70 71 71 71 70 69 68 66 63 58 52 56 64 70 70 70 70 70 70 70 70 70 69 68 68 68 67 67 66 64 61 58 55 53 50 48 45 43 42 47 63 61 54 49 45 45 47 50 50 49 50
52 53 59 60 59 64 71 76 78 82 85 86 87 87 87 87 86 85 84 84 83 81 79 78 77 77 76 75 74 74 73 72 70 68 67 66 65 63 61 60 62 64 63 63 63 63 66 68 69 69 68 67 65 62 58 52 52 62 68 68 68 68 68 69 69 70 70 69 69 69 69 69 69 67 65 62 57 54 52 50 48 45 43 42 43 51 50 47 44 45 47 52 57 58 56 54
47 48 50 51 53 56 60 63 66 72 76 80 82 85 86 85 86 85 85 85 83 81 80 80 79 78 76 75 74 73 72 70 70 69 69 68 68 66 63 61 60 58 57 56 54 56 59 62 64 65 65 64 62 60 56 51 49 57 62 64 65 65 65 67 67 68 69 69 69 69 70 69 69 67 65 62 58 54 52 50 48 46 41 40 40 42 43 42 45 50 54 60 65 65 61 60
42 44 45 44 47 50 52 54 57 61 66 70 72 78 79 78 82 86 85 84 83 83 82 82 81 80 79 77 76 76 76 75 72 71 71 71 72 70 67 67 64 62 60 60 58 54 54 55 56 57 58 58 57 55 52 49 48 53 56 57 59 61 60 61 63 65 68 68 68 69 69 69 68 67 64 61 58 54 52 50 47 45 42 40 41 41 41 44 51 58 65 69 72 72 72 72
38 39 40 40 41 42 44 46 49 52 56 59 62 64 65 69 74 81 82 81 82 83 84 83 83 82 81 81 81 80 79 77 74 73 73 73 73 72 70 71 70 68 67 64 61 59 56 54 52 51 51 51 51 49 48 47 46 46 48 48 49 50 52 53 54 60 65 66 66 67 69 69 68 66 64 60 57 53 51 48 46 44 42 40 40 40 43 49 56 65 73 74 76 78 79 79
36 36 36 35 36 37 38 38 41 43 47 50 51 51 54 59 63 67 69 72 75 78 82 83 83 83 83 83 83 83 81 79 77 77 76 75 74 73 72 73 73 71 69 67 66 64 61 57 56 55 53 51 49 49 49 48 47 45 44 44 43 43 43 44 46 54 60 61 62 66 68 68 68 66 63 59 55 51 49 46 44 42 41 39 41 47 52 57 64 72 76 77 79 81 81 81
