geoxygene-sig3d/src/main/resources/demo3D/bdalti/echantillon72/MNT_50M_asc.asc
ncols         201
nrows         201
xllcorner     464975.00
yllcorner     6734975.00
cellsize      50.00
NODATA_value  -9999
[rows 0 to 54 of 201, columns 96 to 191 of 201]
90 89 87 85 83 82 80 79 77 75 76 79 81 82 84 85 84 82 81 79 78 78 77 76 73 70 64 61 64 68 72 75 77 79 81 81 82 83 84 85 85 85 85 85 84 84 84 83 82 81 79 77 75 74 74 75 75 72 71 76 77 78 79 79 79 78 79 80 81 82 83 83 84 84 84 84 83 83 82 82 82 83 83 84 84 84 84 84 84 84 83 83 82 81 80 80
90 89 87 85 83 81 80 79 77 76 78 81 83 86 87 86 85 83 81 79 78 77 76 74 70 66 63 65 67 71 76 78 80 81 82 82 83 84 85 86 85 85 85 86 86 85 84 84 84 83 81 79 76 75 76 76 76 73 71 73 76 78 79 80 80 80 79 81 81 82 83 84 84 84 84 84 83 83 84 83 83 84 84 84 84 85 85 85 85 84 83 83 82 82 81 81
90 89 87 86 84 82 82 80 77 78 80 82 84 87 87 86 84 82 80 79 78 76 75 72 68 65 65 68 70 75 78 80 81 83 84 84 84 84 85 86 86 86 87 87 88 88 86 86 88 85 83 80 78 76 76 77 77 75 72 72 76 78 79 80 81 81 80 81 82 82 83 84 84 84 84 84 83 84 85 85 85 85 85 85 85 85 85 85 85 84 84 83 83 82 82 81
90 89 87 86 84 82 82 80 78 80 81 84 86 87 87 86 83 80 79 78 77 75 73 70 66 64 66 70 74 78 80 82 83 85 85 86 85 85 85 85 87 88 88 89 89 89 88 88 88 86 84 83 80 79 79 79 79 76 74 73 75 78 80 81 82 83 82 81 82 83 83 84 84 85 84 84 84 85 86 86 85 85 85 85 85 85 85 86 86 85 85 84 83 83 82 82
89 88 86 85 83 82 81 79 79 80 82 84 86 87 87 85 82 79 78 77 76 74 72 68 65 65 68 72 75 79 82 83 85 86 87 87 87 86 86 86 87 89 89 89 89 89 89 89 89 88 86 85 84 83 82 81 80 78 76 75 76 79 80 82 82 83 83 83 83 83 84 84 85 85 85 85 85 85 86 86 86 86 86 86 86 86 86 86 86 86 85 85 84 83 83 83
87 86 85 84 82 81 80 80 80 81 82 84 86 86 86 84 81 79 78 77 75 72 70 67 64 67 72 74 76 79 82 84 85 88 88 88 87 87 87 88 88 88 89 89 89 89 89 89 89 88 88 87 86 85 84 83 81 79 77 75 77 79 81 82 82 83 84 84 84 84 84 85 85 85 85 85 85 85 85 86 86 86 86 86 86 86 87 87 87 86 86 85 84 84 84 83
85 84 83 82 82 81 81 80 81 82 83 84 85 85 84 82 80 79 78 77 75 72 69 66 65 69 74 76 77 79 82 84 86 88 88 89 88 88 88 88 88 88 88 89 89 89 89 89 88 88 88 88 87 86 85 84 82 79 78 76 78 80 81 82 83 83 84 84 84 85 85 85 85 86 86 86 86 86 86 86 86 87 87 87 87 87 87 88 87 87 86 85 85 85 85 84
84 84 83 83 82 82 81 81 82 83 84 84 84 83 82 80 79 78 78 77 75 72 69 66 66 71 75 77 78 80 82 84 85 87 88 88 88 88 89 88 88 88 88 88 89 89 89 88 88 87 87 87 87 86 86 84 82 80 78 77 78 80 82 83 83 84 84 84 85 85 85 86 86 86 86 86 86 86 87 87 87 87 87 87 87 88 88 88 88 87 86 85 85 85 85 85
85 85 85 84 83 82 82 82 82 83 83 84 84 83 81 79 78 77 77 76 73 71 68 66 66 71 75 76 77 79 81 83 85 86 86 87 88 89 89 89 88 88 88 88 88 88 88 88 87 86 85 85 85 85 85 84 83 81 79 78 78 80 82 83 84 84 84 85 85 85 86 86 86 87 87 87 87 87 88 88 88 88 88 87 88 88 88 88 88 87 86 86 85 86 86 85
87 87 86 86 84 83 83 82 83 83 83 83 83 81 80 78 76 75 73 72 71 70 69 66 65 70 73 74 75 77 80 83 84 84 85 86 87 88 89 89 89 89 88 88 87 87 87 87 86 85 84 84 84 85 84 84 83 81 80 79 79 80 82 83 84 84 84 84 85 85 85 86 86 87 87 87 88 88 88 88 88 88 88 88 88 88 88 88 88 87 86 86 86 86 86 86
88 88 88 87 86 85 84 84 84 83 83 83 82 81 79 78 76 75 74 73 72 72 72 69 66 66 70 72 74 77 80 82 83 83 84 84 85 87 88 88 89 89 88 88 87 87 87 86 86 85 84 84 84 84 84 84 83 82 81 80 79 79 81 83 83 83 84 84 85 85 86 86 87 87 88 88 88 88 89 89 88 88 88 88 88 88 88 88 88 87 87 86 86 86 86 85
89 89 89 88 87 86 86 86 86 84 84 83 82 81 80 78 77 77 76 75 74 73 73 72 70 66 68 71 74 77 80 81 81 81 82 83 84 86 88 88 89 89 89 88 88 87 87 86 85 85 85 85 85 85 85 84 84 83 83 81 79 79 80 82 82 83 84 84 85 85 86 86 87 88 88 88 89 89 89 89 89 88 88 88 88 88 88 88 88 88 87 87 87 86 86 85
90 89 89 89 88 88 87 87 86 85 84 83 82 81 80 79 78 78 77 77 76 75 74 73 71 68 68 70 73 76 79 80 80 80 81 83 84 86 88 88 89 89 89 89 88 88 88 87 86 85 85 86 86 86 85 85 84 84 84 82 80 80 80 80 81 81 83 84 84 85 86 86 87 88 88 88 88 89 89 88 88 88 88 88 88 88 88 88 88 88 88 87 87 86 86 85
89 89 89 89 89 88 88 87 86 85 84 83 82 81 80 79 79 78 78 78 77 76 74 73 70 69 70 70 70 74 77 78 77 78 80 82 85 86 88 89 89 89 89 89 89 89 88 88 87 86 86 87 87 87 86 86 85 85 84 83 81 80 80 80 80 80 82 83 83 84 85 85 85 87 87 87 87 88 88 88 88 88 88 88 88 88 88 88 88 88 88 88 87 87 85 85
89 89 89 89 89 88 88 87 86 85 83 83 82 81 80 80 79 78 78 78 77 76 74 72 70 69 71 72 70 70 70 74 75 77 80 82 84 87 88 89 89 89 89 89 89 89 89 89 88 87 87 88 88 88 87 87 86 86 85 83 82 81 81 81 81 81 81 82 83 84 84 84 85 86 86 86 86 87 88 88 88 88 88 88 88 88 88 88 88 88 88 88 88 87 86 85
89 89 89 89 88 87 87 87 86 85 84 83 81 80 80 79 79 79 79 78 78 76 73 71 70 70 73 74 73 71 71 71 74 76 78 81 83 86 87 88 88 89 88 88 89 89 89 88 88 87 88 88 88 88 88 87 87 86 85 84 83 83 82 82 82 81 81 82 82 83 83 84 85 86 86 86 86 87 88 88 88 88 88 88 88 88 88 88 88 89 89 88 88 87 86 85
89 89 89 88 88 86 86 86 86 85 83 82 80 79 79 79 78 78 78 78 77 75 72 69 70 73 76 77 76 74 72 73 75 75 76 80 83 85 86 87 86 86 86 87 87 89 89 88 88 88 88 88 88 88 88 88 87 86 85 85 84 84 84 84 83 82 82 82 82 83 83 83 84 85 85 86 86 87 88 88 88 88 88 88 88 88 88 88 88 89 88 88 88 87 86 85
88 88 88 88 87 86 85 85 85 84 82 81 78 77 77 78 78 77 77 77 76 73 71 70 73 76 78 78 77 75 74 74 76 77 76 78 79 80 82 84 84 84 85 85 86 88 89 88 88 88 88 88 88 88 88 88 88 87 86 85 86 86 85 84 84 83 82 82 82 83 83 83 84 85 85 86 87 88 88 88 88 88 88 88 88 88 88 88 88 89 88 88 88 87 86 85
87 87 87 87 87 86 84 82 81 81 79 77 75 74 74 75 76 75 74 73 72 71 70 72 76 78 79 78 77 75 75 76 79 80 79 79 80 81 81 82 82 83 84 85 86 87 89 89 89 89 88 88 88 88 88 88 88 88 86 86 86 86 86 85 84 84 83 83 83 83 84 84 84 85 86 86 87 88 89 88 88 88 88 88 88 88 88 88 89 89 89 88 87 87 86 85
86 85 85 85 85 84 82 77 74 75 75 74 74 73 72 73 72 71 71 70 70 70 71 75 78 79 80 79 77 77 77 80 81 82 82 81 82 83 84 84 84 84 84 85 86 88 89 90 90 89 88 88 88 88 88 89 89 88 87 86 86 86 86 85 84 84 83 83 83 84 84 84 85 85 86 87 87 88 88 88 88 88 88 88 88 88 88 88 89 89 89 88 87 86 86 86
84 83 82 82 82 81 80 78 77 76 76 78 78 75 74 74 72 71 71 72 72 72 73 77 79 80 81 80 78 79 80 80 82 83 85 85 85 86 87 86 86 86 84 85 87 88 90 91 90 90 89 88 88 88 88 89 89 88 87 87 87 86 86 86 85 84 84 83 84 84 85 85 85 85 86 87 87 87 88 88 88 88 88 88 88 88 88 88 89 89 89 88 87 86 86 86
82 81 80 79 79 79 80 81 81 79 79 81 81 78 76 76 75 73 73 74 74 73 74 78 81 81 81 81 80 82 82 82 84 85 87 87 88 89 89 89 88 87 85 87 89 90 91 91 90 90 89 89 88 88 89 90 89 88 87 87 87 86 86 86 85 84 84 84 84 84 85 86 86 85 85 86 87 87 88 88 88 88 88 88 88 88 88 88 88 88 88 88 87 86 85 85
83 82 81 81 81 81 82 83 83 81 80 82 82 80 78 78 76 75 75 76 76 75 75 79 81 83 82 82 82 84 85 86 87 88 88 89 90 90 91 91 90 87 87 89 90 91 91 91 91 90 90 89 88 89 90 91 89 88 87 87 87 86 86 85 85 84 84 84 84 84 85 86 86 85 85 85 86 87 87 87 88 87 87 88 88 88 87 88 88 88 88 88 88 87 86 86
85 85 84 83 83 84 84 85 85 83 82 82 82 81 80 79 78 77 77 77 77 77 77 79 82 84 84 83 83 86 87 89 90 90 90 91 91 91 91 91 90 87 90 90 91 91 91 91 91 91 90 89 90 91 91 91 90 88 87 87 86 86 85 85 85 84 84 84 84 85 85 85 86 86 85 85 86 86 87 87 87 87 87 87 87 87 87 87 87 88 88 88 88 88 87 86
87 87 86 85 85 86 86 86 86 84 82 83 83 82 81 79 79 80 79 80 79 79 78 80 83 86 85 84 84 85 87 90 91 91 91 91 91 91 91 90 89 88 90 91 91 92 91 91 91 90 90 90 91 91 91 91 90 88 87 87 86 86 85 85 84 84 84 84 85 85 85 85 86 86 85 85 85 86 86 86 86 86 87 87 86 86 86 86 87 87 88 88 88 88 88 87
88 88 88 87 87 87 87 87 87 84 84 85 84 83 81 81 81 81 81 81 81 82 81 81 84 87 86 85 85 85 86 90 91 91 90 90 90 90 90 90 88 89 91 92 92 92 92 91 91 90 90 90 91 91 91 91 90 88 87 87 87 86 85 85 84 85 85 85 85 85 85 85 86 85 85 85 85 86 86 86 86 86 86 86 86 85 85 85 86 87 87 88 88 88 88 88
89 89 89 88 88 88 88 88 87 84 86 87 86 84 83 82 83 83 84 83 84 85 85 83 85 87 87 87 87 86 87 90 91 90 90 90 90 90 90 90 88 90 91 92 92 92 92 91 90 90 90 90 91 92 92 91 90 88 88 88 87 86 85 85 85 85 85 85 85 85 85 86 86 85 85 85 85 85 85 85 85 85 85 86 85 85 85 85 85 86 87 87 87 88 88 88
90 90 89 89 89 89 89 88 87 85 85 87 87 86 85 84 85 86 86 86 87 88 87 85 85 88 90 90 90 88 89 91 91 92 91 92 91 91 91 90 89 90 91 92 92 92 92 91 91 91 90 91 91 92 92 91 90 89 88 88 88 87 86 85 85 85 85 86 86 86 85 85 86 86 86 85 85 85 85 85 85 85 85 85 85 84 84 84 85 85 86 86 87 87 88 88
91 91 90 90 90 90 89 89 87 86 85 87 87 87 87 87 87 88 89 88 89 89 88 87 87 90 91 92 91 90 90 91 92 92 93 93 93 92 91 91 90 90 91 92 92 92 92 91 91 91 91 91 92 92 92 92 91 90 89 89 88 87 86 85 85 85 85 86 86 86 86 86 86 86 86 85 85 85 85 85 85 85 85 84 84 83 84 84 84 85 85 86 86 87 88 88
92 91 91 90 90 91 90 90 89 87 87 87 88 88 89 89 90 91 91 90 90 90 90 89 89 91 92 92 92 91 91 92 92 93 94 94 94 93 92 91 91 91 91 92 92 92 92 92 92 92 92 92 93 93 93 92 92 91 90 89 88 87 85 85 85 85 86 86 86 86 86 86 86 86 86 85 85 85 85 85 85 85 84 84 83 83 84 84 84 85 85 86 86 87 88 88
92 92 92 91 91 92 91 91 90 89 88 88 89 90 90 91 92 93 92 91 91 91 91 91 91 92 93 93 92 92 92 92 93 94 94 95 94 93 92 92 92 92 92 92 92 92 92 92 92 92 92 93 93 94 94 93 92 91 91 89 88 87 86 86 86 85 86 86 86 87 87 87 86 86 86 85 85 85 84 84 84 84 84 84 84 83 83 84 84 85 85 86 86 87 87 88
93 92 92 92 92 93 93 92 92 91 90 89 89 91 92 93 94 94 94 93 92 92 92 92 92 93 93 93 93 93 92 93 94 94 95 95 95 94 93 93 93 92 92 92 93 93 93 93 93 93 93 93 94 94 94 94 92 92 91 90 88 87 87 86 86 85 86 86 87 87 87 87 86 86 86 85 85 84 84 84 84 84 84 84 83 83 83 83 84 85 85 86 86 86 87 88
93 93 93 93 93 93 93 93 93 92 91 90 90 91 93 94 95 95 95 94 94 93 92 92 93 94 94 94 94 93 93 93 94 95 95 95 95 94 93 93 93 93 93 93 93 93 93 93 93 93 93 92 94 95 95 94 93 92 92 91 90 89 88 87 86 86 86 86 87 87 86 86 86 85 85 85 85 84 84 84 84 84 84 84 83 83 83 83 84 85 85 86 86 86 86 88
93 93 93 93 93 93 93 93 93 93 92 91 91 93 94 96 96 96 96 95 94 94 93 92 93 94 95 95 95 95 94 93 93 95 96 96 96 95 94 93 93 93 93 93 94 94 94 94 93 93 92 91 94 95 96 96 94 93 92 92 91 91 90 88 86 86 86 87 87 87 86 85 85 85 85 85 84 84 84 84 84 84 84 84 83 83 83 83 84 85 85 86 86 86 86 87
93 93 93 93 93 93 93 93 93 93 93 92 92 93 95 96 97 97 96 95 95 95 94 93 94 95 95 95 96 96 95 94 94 95 96 96 96 96 95 94 94 94 94 94 94 93 93 93 92 92 91 91 92 95 96 96 95 94 93 92 91 91 90 88 87 86 87 88 88 87 87 86 84 84 84 84 84 84 84 84 83 83 83 83 83 83 83 83 84 85 85 85 85 85 86 87
92 92 92 92 93 93 93 93 93 93 93 93 93 94 95 96 97 97 97 96 95 96 95 95 95 96 96 96 96 96 96 95 95 95 96 96 96 96 96 96 95 95 95 95 94 93 92 91 90 90 90 91 93 94 95 95 95 94 93 92 92 91 90 89 88 87 88 89 88 88 88 86 85 84 84 84 84 84 84 83 81 81 81 82 83 84 84 84 84 85 85 85 86 85 86 88
91 91 91 92 92 92 92 93 94 93 93 93 93 93 94 96 97 97 97 97 97 97 96 96 96 96 96 96 97 97 96 96 95 96 96 97 97 96 96 96 96 96 96 95 94 93 91 90 89 89 90 91 92 93 94 95 94 93 93 92 92 91 91 90 90 89 89 89 89 89 88 87 86 84 83 84 84 84 83 82 80 80 81 83 85 85 85 85 85 85 86 86 87 86 87 87
90 89 90 90 91 91 92 92 93 93 93 93 92 92 93 94 95 96 97 97 97 97 97 97 97 97 97 97 97 97 97 96 96 96 96 97 96 96 95 95 95 96 96 96 95 92 90 89 88 87 88 90 91 92 92 93 93 92 92 92 92 91 91 91 92 92 91 90 90 89 88 87 85 84 82 83 83 83 82 81 79 80 83 85 86 86 86 85 85 86 87 88 88 88 88 88
87 87 87 88 89 89 89 90 90 91 92 91 90 91 92 92 94 95 96 97 98 98 97 97 97 97 97 97 97 97 97 97 96 96 97 97 96 95 94 93 93 94 95 95 93 91 89 88 87 86 86 87 89 90 90 90 91 90 91 91 92 92 92 92 92 92 92 91 90 89 87 86 85 83 81 81 81 81 80 79 78 81 84 85 86 86 86 86 86 87 89 89 89 89 89 89
85 84 84 84 85 85 86 87 87 87 88 88 87 87 90 92 93 95 96 97 97 98 98 98 98 98 98 97 97 97 97 97 97 97 97 97 95 95 94 93 92 91 92 92 91 89 88 87 86 85 84 85 87 88 89 89 89 89 89 90 92 92 92 92 92 92 92 91 91 90 89 86 84 83 81 80 79 79 77 77 77 81 84 85 86 87 86 86 87 88 89 90 90 90 90 89
82 81 80 80 80 80 81 81 81 82 83 84 84 85 90 92 93 95 95 96 97 97 98 98 98 98 98 98 97 97 97 97 97 97 97 96 95 96 96 94 93 91 90 89 88 87 87 87 86 85 84 84 86 87 88 89 88 88 88 90 91 92 92 91 91 91 91 91 91 91 90 88 85 83 81 80 78 77 76 75 79 82 83 85 86 87 87 87 88 89 90 91 91 91 90 90
80 80 81 80 80 81 82 83 84 85 86 86 85 85 91 92 93 94 94 95 96 97 98 99 99 99 98 98 97 97 97 98 98 97 97 96 96 97 97 96 93 92 91 90 88 87 86 86 85 85 84 83 84 86 88 88 88 87 87 89 91 91 91 91 91 91 91 91 91 91 91 89 87 84 82 80 78 76 74 76 81 82 83 84 85 87 88 88 89 89 90 91 91 91 91 90
79 82 82 82 82 84 85 86 88 89 90 90 88 86 89 91 92 93 94 94 95 96 98 99 99 99 99 98 98 98 98 98 98 98 97 97 97 97 97 96 93 92 91 90 89 87 86 87 87 87 86 84 82 86 88 88 87 86 85 87 89 89 90 91 91 91 91 91 91 90 90 89 87 85 83 81 78 75 72 73 77 80 82 84 86 87 88 89 89 89 90 91 92 91 91 91
82 85 84 83 84 86 87 89 91 92 92 93 92 89 88 89 91 92 93 94 95 96 97 98 98 99 99 99 98 98 98 98 98 98 98 98 97 97 96 95 94 91 90 91 89 87 89 89 89 89 88 85 82 83 85 86 85 84 82 85 86 88 90 91 91 91 91 91 90 90 89 88 87 85 83 81 78 74 71 71 75 79 82 84 86 88 89 89 89 89 89 91 91 91 91 91
86 87 86 85 85 88 89 90 92 93 94 94 93 91 89 89 90 92 93 94 95 96 97 97 98 98 99 99 99 99 99 99 99 99 99 98 98 97 97 96 94 92 90 89 88 89 91 91 91 90 89 87 84 81 81 82 81 80 80 82 84 87 89 90 91 91 91 90 89 89 89 88 87 85 83 81 78 74 71 71 76 80 83 86 87 89 89 89 89 89 89 90 90 91 91 90
89 89 89 87 87 89 91 91 92 93 94 94 93 92 91 90 90 92 93 95 96 96 97 97 97 98 99 99 100 100 100 99 99 99 99 98 98 98 97 96 94 92 90 89 89 91 92 92 92 91 90 89 87 84 82 81 81 79 79 80 83 85 87 89 89 90 89 87 87 88 88 87 86 85 83 80 78 74 69 72 78 83 85 86 88 89 89 89 89 89 89 88 88 90 90 89
90 91 92 89 88 90 91 92 92 93 93 93 93 93 92 92 91 92 93 95 96 97 97 97 97 98 99 100 100 101 101 100 100 100 99 98 98 98 98 96 94 92 90 89 90 92 92 92 92 92 91 90 89 87 86 85 83 81 79 79 82 83 85 87 87 87 86 84 84 87 87 86 86 85 82 80 77 73 69 73 81 84 86 86 87 88 88 89 88 88 87 87 87 89 89 87
92 93 91 89 88 91 92 92 92 92 93 93 93 94 93 93 93 92 93 94 96 97 97 97 97 98 99 99 100 101 102 101 100 100 99 99 99 98 97 95 94 92 90 91 92 93 93 93 92 92 92 91 90 89 88 86 84 83 80 77 79 81 83 84 85 84 83 81 82 84 85 86 85 84 82 79 75 71 69 75 82 84 85 85 85 86 88 88 88 86 86 86 87 87 86 86
93 94 91 89 89 91 92 92 92 92 93 93 94 94 94 94 94 93 93 93 95 97 97 97 97 98 98 99 100 101 102 101 101 100 99 99 98 98 96 95 94 93 92 93 93 93 93 93 92 92 92 91 91 90 89 88 86 83 79 75 76 77 80 81 82 81 79 77 79 82 83 84 85 84 81 78 74 69 67 75 81 82 82 83 84 85 86 87 87 86 86 85 85 86 84 84
94 94 91 91 90 90 91 92 92 92 93 94 94 95 95 96 95 94 93 93 94 96 96 96 97 97 98 99 100 101 100 100 99 99 99 99 98 97 96 95 94 94 94 94 94 94 93 93 92 92 91 91 91 91 90 89 87 85 82 78 75 74 75 77 77 77 75 74 76 79 81 83 84 83 81 77 72 67 67 74 79 80 80 81 82 83 85 85 86 87 87 86 84 83 83 82
94 94 93 93 92 91 91 92 92 93 93 94 95 95 96 96 95 94 93 93 93 94 95 96 96 96 97 98 99 99 98 98 98 99 99 99 98 97 97 96 95 95 94 94 94 94 93 92 92 92 91 91 91 91 90 88 87 85 83 80 77 75 73 73 73 72 71 72 74 77 80 83 83 82 79 75 69 65 66 72 76 78 79 80 82 83 84 84 86 87 87 87 85 82 81 80
95 94 95 96 95 94 93 92 93 93 94 94 95 96 96 96 95 94 93 93 93 94 94 95 95 95 96 98 98 97 96 96 97 98 99 99 98 98 98 98 97 95 95 94 94 93 92 91 91 91 91 90 90 89 87 86 85 83 81 79 77 75 73 72 72 70 69 70 73 76 80 82 82 80 77 72 68 64 65 70 74 78 79 81 82 83 84 84 85 86 86 87 86 84 82 79
95 95 96 96 96 96 96 93 93 94 94 94 95 96 96 96 96 95 94 93 93 94 94 94 95 95 95 96 96 95 95 95 95 97 99 99 99 99 99 99 98 96 95 94 93 92 91 90 90 91 90 90 90 88 85 83 81 80 79 77 75 74 72 71 71 70 68 69 72 75 80 81 80 78 74 70 67 62 65 71 76 78 80 82 83 84 84 84 85 85 85 86 86 85 83 82
95 96 97 97 97 96 95 94 94 94 94 95 95 96 96 96 96 95 95 94 94 94 94 94 94 95 95 95 95 95 95 95 95 96 98 99 99 99 99 99 98 97 95 93 91 90 89 88 88 88 89 89 88 87 85 82 79 78 76 75 74 73 72 72 70 69 67 67 71 75 78 79 79 76 72 68 64 61 64 72 77 80 81 82 83 83 83 83 83 83 82 83 84 84 83 82
96 96 96 97 97 96 96 95 94 95 95 95 96 96 96 96 96 96 96 95 95 94 94 94 95 95 95 94 94 95 95 95 95 96 97 98 99 99 99 98 98 97 95 92 91 90 89 87 86 85 85 86 85 85 83 80 78 76 75 75 75 75 74 74 73 72 70 66 67 72 75 76 76 73 69 65 61 60 62 70 77 80 82 82 82 81 80 79 78 78 77 77 79 80 81 80
