geoxygene-sig3d/src/main/resources/demo3D/bdalti/echantillon72/MNT_100M_asc.asc
ncols         101
nrows         101
xllcorner     464950.00
yllcorner     6734950.00
cellsize      100.00
NODATA_value  -9999
[rows 0 to 54 of 101, columns 0 to 95 of 101]
51 52 58 59 58 57 57 57 58 57 57 60 65 69 72 71 69 75 79 81 81 82 82 83 84 83 84 84 84 83 83 86 89 89 89 89 89 88 86 83 88 92 93 94 93 93 94 93 90 87 83 80 77 76 81 84 84 81 78 77 73 64 64 72 77 81 82 84 85 85 84 84 82 79 75 74 75 71 77 79 79 79 81 83 84 84 83 82 82 83 84 84 84 83 82 80
58 53 51 52 53 53 54 54 56 56 56 62 69 74 76 74 73 74 77 79 80 80 82 83 83 84 85 84 84 84 83 86 88 89 90 90 90 88 86 85 87 91 94 94 93 94 94 93 90 87 84 82 77 80 84 87 84 80 78 75 68 65 70 78 81 84 84 85 86 87 88 86 88 83 78 76 77 72 76 79 81 80 82 83 84 84 83 85 85 85 85 85 85 84 83 82
62 60 59 57 57 55 57 56 56 55 59 68 75 76 77 76 77 76 77 80 81 82 82 83 84 85 85 85 85 85 84 85 87 88 90 91 91 88 87 87 88 90 91 94 94 94 93 91 89 86 83 81 79 82 86 87 82 78 76 72 65 68 75 82 85 87 87 86 87 89 89 89 89 86 84 82 80 76 76 80 82 83 83 84 85 85 85 86 86 86 86 86 86 85 84 83
62 62 61 59 58 56 56 58 57 55 61 68 74 77 77 77 77 77 78 80 82 83 83 84 84 85 85 85 85 86 85 85 86 88 90 91 90 89 89 89 90 93 94 93 93 92 89 89 85 83 82 81 81 83 85 84 80 78 75 69 65 74 77 82 86 88 88 88 88 88 89 89 88 88 87 85 82 78 78 81 83 84 84 85 85 86 86 86 86 87 87 87 87 86 85 85
61 62 61 61 60 58 57 57 59 57 56 62 71 75 76 75 78 80 81 82 82 83 84 84 84 85 85 85 86 86 86 85 86 88 90 91 92 91 91 91 92 93 94 94 92 89 87 85 85 85 83 82 82 83 84 81 78 77 73 68 66 75 77 81 85 86 88 89 88 88 88 88 87 85 85 85 83 79 78 82 84 84 85 86 86 87 87 88 88 88 88 88 88 86 85 86
62 61 61 61 60 59 58 57 58 58 57 59 63 71 70 76 79 80 81 81 82 83 84 84 85 85 85 86 86 87 86 86 85 87 88 89 90 91 92 93 93 93 94 94 92 90 89 89 88 88 86 84 84 83 82 79 76 74 72 72 66 70 74 80 83 84 85 88 89 88 87 87 86 84 84 84 83 81 79 81 83 84 85 86 87 88 88 89 88 88 88 88 88 87 86 86
62 62 62 61 59 59 58 57 58 59 59 60 61 63 69 74 75 75 78 79 81 82 83 85 86 86 86 86 87 87 87 86 86 87 88 88 90 90 93 94 93 93 93 93 92 90 89 90 90 89 88 87 86 84 82 80 78 77 76 74 71 68 73 79 80 81 84 88 89 89 88 88 86 85 86 85 84 84 80 80 81 83 84 86 87 88 88 89 88 88 88 88 88 88 87 86
62 62 62 60 58 58 58 58 59 60 61 64 66 66 64 70 75 77 78 80 81 82 84 87 87 86 87 87 87 87 87 87 88 89 90 92 92 92 93 93 93 94 93 92 92 90 90 89 89 89 89 88 86 83 82 80 79 78 77 74 70 71 70 70 75 80 84 88 89 89 89 89 88 87 88 87 86 85 82 81 81 81 83 84 85 86 86 88 88 88 88 88 88 88 88 86
61 62 62 60 59 59 58 58 58 62 67 70 73 72 66 71 75 78 79 81 82 84 87 88 86 84 84 85 86 88 88 89 90 90 90 93 93 93 93 93 94 93 93 90 90 89 89 89 89 89 88 86 86 83 80 79 78 78 77 72 70 76 76 72 75 76 83 86 86 86 87 89 88 88 88 88 87 85 84 84 83 82 82 83 84 85 86 88 88 88 88 88 88 88 88 86
62 62 65 66 68 66 62 58 58 65 74 77 76 73 69 65 73 77 80 83 85 88 89 88 84 81 81 81 85 87 89 90 91 91 93 94 94 94 93 94 94 92 91 88 87 86 86 87 87 87 87 84 81 79 75 74 76 74 72 70 76 79 77 75 79 79 80 81 82 84 86 89 89 88 88 88 88 86 86 86 84 83 83 84 84 86 87 89 88 88 88 88 89 89 87 86
64 66 72 74 76 74 71 69 65 68 77 79 77 73 72 73 70 77 80 84 87 89 89 88 84 79 81 82 82 84 85 89 91 91 92 92 94 94 94 93 93 91 90 91 90 86 85 85 84 82 82 80 77 76 78 74 72 71 72 73 79 81 78 80 82 85 85 87 86 84 87 90 90 89 88 88 89 87 87 86 85 84 84 85 85 86 87 88 88 88 88 88 89 89 87 86
69 71 75 78 79 79 78 77 71 69 77 79 78 73 76 78 74 71 76 81 86 87 88 88 82 81 83 85 86 85 86 87 89 90 90 90 93 94 94 93 92 91 91 92 91 89 86 84 83 81 81 82 83 80 82 78 76 75 76 75 81 82 82 85 87 88 90 91 90 87 90 91 91 90 88 90 89 87 87 86 85 84 84 85 86 85 86 87 88 87 88 87 88 88 88 86
73 76 76 79 79 79 79 77 70 74 78 79 76 75 77 79 79 77 75 75 81 83 82 80 78 83 85 87 89 89 90 90 90 90 90 92 93 93 93 92 91 91 91 92 91 88 85 86 87 86 85 86 86 82 83 81 79 79 79 78 83 85 84 87 91 91 91 91 89 90 91 91 91 90 91 91 90 87 86 85 84 84 85 85 86 85 85 86 86 87 86 86 87 88 88 88
75 77 78 79 79 79 78 74 76 79 80 79 77 79 80 81 83 84 82 78 75 76 76 78 83 85 86 89 91 92 92 92 90 91 91 92 93 94 93 92 92 91 92 91 89 86 87 91 89 89 88 88 87 86 86 83 83 84 84 85 85 87 87 87 91 90 90 90 88 91 92 92 90 90 91 92 90 88 87 85 85 85 85 85 86 85 85 85 85 85 85 85 85 87 87 88
77 78 79 78 78 78 76 74 78 81 81 81 80 80 83 84 87 88 84 80 76 81 84 80 85 86 88 91 92 93 94 93 92 93 93 91 93 94 93 93 92 92 92 90 87 90 92 92 91 90 90 89 87 85 87 87 87 89 89 88 87 91 91 90 92 93 93 91 90 91 92 92 91 91 92 92 91 89 88 86 85 85 86 86 86 86 85 85 85 85 84 84 84 85 86 88
78 79 79 78 78 78 77 75 80 82 83 83 83 82 85 87 89 89 85 82 79 81 86 81 85 89 90 92 92 93 94 94 94 94 93 93 93 93 93 93 91 91 90 88 89 92 93 92 92 92 91 91 90 88 89 90 92 92 91 91 91 93 92 92 93 94 94 92 92 92 92 92 92 92 93 94 92 91 88 86 86 86 86 87 86 86 85 84 84 84 84 83 84 85 86 87
78 79 79 79 79 79 79 76 81 83 84 85 85 86 86 88 90 90 89 85 81 82 87 85 86 90 91 91 91 93 94 94 94 94 94 94 94 94 93 92 90 89 88 88 91 92 93 93 93 93 93 93 93 91 90 93 95 95 94 92 93 94 94 93 94 95 95 93 93 93 93 93 93 93 94 95 93 92 90 88 86 86 87 86 86 85 85 84 84 84 83 83 84 85 86 86
79 79 79 79 80 80 80 79 80 83 86 87 88 87 88 90 90 90 90 87 81 85 88 86 86 90 90 89 90 90 92 94 93 93 94 94 94 94 92 90 89 88 88 89 91 92 92 93 93 93 93 93 93 93 92 95 97 96 95 94 94 95 96 95 94 96 96 95 94 94 94 93 92 91 92 96 95 93 91 90 87 87 88 87 84 84 84 84 83 83 83 83 84 85 85 86
79 79 80 80 80 81 81 81 80 84 87 89 89 89 89 90 91 91 90 87 82 83 87 88 86 86 88 88 90 91 93 93 93 93 93 93 94 93 93 91 90 88 88 89 91 92 92 91 91 91 92 92 94 93 93 94 97 97 97 96 96 96 97 96 95 96 97 96 96 96 94 91 89 90 92 94 94 93 92 91 90 89 89 88 86 83 84 83 80 81 85 85 85 86 87 87
79 79 80 80 81 82 82 82 81 85 88 89 89 90 90 91 91 91 90 87 84 85 88 90 88 90 91 91 91 92 93 93 94 93 91 89 88 90 92 92 90 89 88 90 92 92 92 89 87 87 89 89 90 92 90 92 94 96 98 97 97 97 97 97 96 97 96 94 93 95 93 89 87 86 89 90 91 91 92 92 92 92 90 87 85 81 81 80 78 84 86 86 86 89 89 89
79 79 80 80 81 83 83 83 83 84 89 89 89 90 91 91 91 91 90 88 85 86 88 91 91 91 92 92 92 92 93 94 94 93 92 89 87 85 86 90 91 90 89 90 91 91 89 86 82 80 80 81 81 83 84 90 93 95 97 98 98 98 97 97 97 97 95 96 93 90 88 87 86 84 86 88 88 88 91 92 91 91 91 90 85 81 78 76 79 83 86 87 88 90 91 90
79 79 80 80 81 83 84 84 84 83 87 88 88 89 90 91 91 90 88 85 86 87 89 90 91 92 92 92 92 92 92 94 94 94 93 91 90 87 83 82 89 89 86 87 87 84 81 77 79 82 82 85 88 90 88 89 92 94 95 98 99 99 98 98 98 97 97 97 93 91 89 86 87 86 82 88 87 85 89 90 91 91 91 90 87 83 78 72 77 82 86 88 89 90 92 91
79 79 79 80 81 82 84 85 85 83 86 87 87 88 89 90 89 88 85 86 87 89 90 91 92 92 91 90 90 90 90 90 91 92 92 92 91 88 86 78 80 79 78 77 76 73 78 82 86 86 85 89 92 94 93 89 90 93 95 97 98 99 99 99 99 99 98 97 94 90 88 91 91 89 84 81 81 80 84 89 91 91 89 89 87 83 78 71 76 83 87 89 89 89 90 91
79 79 79 79 80 81 84 86 86 85 86 87 87 88 89 90 89 87 88 89 89 90 91 92 92 91 90 90 89 89 88 86 87 88 89 91 90 86 80 77 70 68 72 75 77 78 88 87 90 92 88 91 92 93 93 92 91 93 96 97 97 99 100 101 100 99 98 98 94 90 90 92 92 91 89 86 83 79 82 85 87 86 84 87 86 82 77 69 81 86 87 88 88 87 87 89
77 77 78 79 80 81 85 86 87 86 87 88 89 89 89 89 89 89 91 91 91 91 92 92 91 90 89 89 89 89 88 86 82 85 88 89 88 83 76 73 68 69 86 88 88 88 90 91 93 91 89 92 92 93 94 94 94 93 95 97 97 98 100 102 101 99 98 96 94 92 93 93 92 92 91 89 86 79 76 80 82 79 79 83 85 81 74 67 81 82 84 86 87 86 85 84
73 75 79 80 83 85 87 88 88 88 88 89 90 91 91 90 90 90 91 91 91 91 92 91 90 88 88 88 89 89 88 86 80 86 88 88 84 79 74 68 65 82 90 91 91 94 93 94 94 93 92 91 92 93 95 96 95 93 93 95 96 97 99 98 98 99 98 97 95 94 94 93 92 91 91 90 87 83 77 73 73 71 74 80 83 79 69 66 76 79 82 84 86 87 85 81
76 76 80 82 85 87 88 89 89 89 90 90 91 91 91 91 91 91 91 91 91 92 92 91 90 89 88 88 89 89 86 84 80 88 89 86 80 74 68 65 68 84 89 90 90 93 94 95 95 96 96 96 93 94 95 96 96 94 93 94 95 95 96 95 95 99 99 99 98 95 93 91 90 90 90 85 81 79 75 72 71 68 72 80 80 74 67 65 76 80 83 84 85 85 86 83
79 78 81 84 87 88 88 89 89 90 91 91 91 91 91 91 91 91 91 91 91 91 91 91 90 89 85 89 89 88 85 77 78 87 87 83 76 69 63 68 84 86 87 88 91 93 95 96 96 96 97 96 94 95 96 96 96 96 95 94 95 95 94 95 95 97 99 99 98 95 91 89 86 85 85 83 78 75 75 74 73 70 67 75 76 69 61 62 77 82 82 80 78 77 79 81
80 80 83 84 85 87 87 88 89 91 91 91 91 91 91 91 91 91 91 91 91 91 90 91 91 90 86 86 87 87 83 78 72 83 85 79 72 63 66 82 87 85 85 88 90 93 95 96 95 95 95 96 96 96 96 96 97 97 97 95 95 96 96 95 95 96 98 99 98 96 94 93 91 86 81 79 77 79 80 78 77 72 68 63 65 62 60 59 68 76 69 64 64 64 67 68
81 80 83 83 84 85 86 88 90 91 91 91 91 91 91 91 91 91 91 91 92 89 88 91 92 92 90 85 83 86 85 80 71 78 77 75 68 61 72 86 85 81 86 85 88 92 93 93 92 92 94 96 96 96 96 96 96 97 97 97 96 97 96 96 97 98 98 99 98 97 96 95 91 89 87 81 80 84 83 79 78 77 78 75 69 70 65 59 59 62 58 65 74 78 79 83
84 82 83 83 83 85 86 88 90 91 91 91 91 91 91 91 91 91 91 91 90 87 87 91 91 90 89 86 82 86 86 80 73 67 67 65 60 64 79 87 83 77 80 80 83 85 86 87 88 89 93 95 96 96 96 95 95 95 96 97 97 97 97 96 97 98 98 97 97 97 96 94 92 91 86 83 86 88 86 81 79 79 81 80 79 74 68 61 57 58 68 74 84 92 92 90
84 84 83 83 84 85 88 88 90 90 91 90 91 91 91 90 90 90 89 90 86 81 83 87 85 83 80 79 85 86 86 82 80 74 67 59 60 72 82 81 71 74 76 80 85 85 87 89 90 92 95 96 96 95 95 94 93 93 94 96 97 97 97 96 95 96 95 94 95 96 96 94 92 91 88 87 88 88 87 84 81 81 81 80 79 75 70 63 57 57 70 84 93 93 93 92
84 83 83 84 84 86 89 89 89 90 90 90 91 91 91 88 86 85 86 86 85 82 78 82 77 73 79 87 88 85 85 86 82 74 65 56 64 77 74 67 74 82 86 86 90 92 93 94 94 95 96 97 95 93 92 92 91 92 94 95 96 96 96 95 95 94 93 92 94 95 95 94 91 90 91 89 88 88 87 85 83 81 79 78 76 74 68 63 55 60 77 91 93 93 93 91
86 85 83 84 85 87 88 89 89 89 88 90 91 91 90 87 84 82 81 83 83 79 71 75 69 81 88 90 88 84 80 80 75 68 59 57 62 64 65 76 85 84 85 87 90 90 93 96 96 96 96 96 93 89 88 88 91 92 94 95 96 96 95 94 93 91 90 91 93 93 94 94 91 89 91 91 89 87 86 85 82 79 76 73 71 67 62 58 54 58 80 89 92 93 91 91
88 86 84 84 85 86 88 88 87 85 88 91 91 90 87 85 83 79 76 81 81 76 69 66 78 89 92 90 88 86 82 72 66 60 55 57 63 66 76 83 88 89 87 88 90 92 95 97 97 96 96 94 91 88 84 91 96 96 97 97 97 96 94 93 92 92 89 89 90 90 93 92 89 88 89 89 89 87 85 83 80 80 77 76 75 72 66 62 56 53 71 79 83 87 90 91
91 88 85 84 84 84 86 86 82 82 89 91 90 87 85 84 82 79 70 77 77 71 67 68 84 92 92 89 86 82 76 71 62 55 55 60 70 72 70 78 86 88 88 89 91 93 95 95 97 96 94 92 90 83 88 94 96 98 98 98 100 98 95 93 93 92 89 86 86 87 90 91 88 85 85 84 87 87 86 85 83 81 78 76 75 74 72 65 56 50 61 65 72 82 88 90
90 88 86 84 83 81 82 81 76 82 85 88 88 85 83 82 82 78 69 66 68 65 60 76 84 84 87 81 71 66 64 59 54 55 60 68 77 77 80 85 84 86 89 90 91 93 93 93 95 94 88 88 83 83 93 96 97 98 98 100 101 100 97 94 94 91 90 87 85 86 87 88 86 81 79 79 85 86 86 86 83 80 77 76 77 77 76 70 58 50 56 70 81 87 87 89
87 88 84 80 78 74 76 72 68 76 81 84 85 85 83 81 80 80 73 67 60 58 62 75 79 74 69 64 61 57 55 52 54 60 68 75 81 80 80 88 88 90 91 91 92 92 92 92 91 92 88 79 82 91 94 95 96 97 98 101 101 100 99 96 94 93 91 88 85 81 83 82 80 79 76 76 84 84 83 84 81 78 77 77 79 79 78 74 60 49 55 67 81 87 88 87
86 84 81 77 70 68 66 65 63 64 71 78 81 86 84 80 77 77 73 66 61 56 61 68 65 60 56 54 51 49 51 54 61 61 75 82 85 83 87 87 89 91 92 92 92 90 89 88 86 85 84 75 84 84 89 90 92 94 96 100 101 101 100 99 98 98 95 91 88 85 82 81 81 80 77 75 85 82 80 80 78 76 76 78 80 80 77 72 64 50 54 65 80 86 87 86
81 79 78 77 76 75 72 69 67 66 60 66 74 84 83 79 71 70 68 63 58 52 57 59 56 52 50 46 51 53 56 65 73 68 71 85 88 88 90 90 90 91 92 92 91 88 84 82 77 72 71 75 84 90 88 91 92 96 97 100 101 101 101 103 102 102 101 99 93 87 87 85 85 82 76 76 84 79 75 76 76 74 72 77 80 79 77 72 62 49 52 65 82 86 86 86
82 80 79 81 81 79 76 72 68 64 60 59 71 80 80 77 70 68 63 60 57 52 50 52 49 47 46 52 57 64 69 78 81 78 84 86 90 91 92 92 92 91 91 92 90 86 79 72 67 73 82 85 89 93 93 92 93 96 98 99 101 102 102 102 102 102 102 101 97 93 90 87 87 86 81 70 77 73 67 67 67 65 69 75 78 78 75 67 57 49 52 67 82 85 84 83
86 80 82 84 83 80 74 70 67 64 63 59 56 65 69 69 67 65 63 61 57 52 47 45 45 50 57 61 66 78 84 89 89 86 89 91 91 92 92 92 92 90 91 91 90 87 79 67 72 88 91 90 89 93 94 93 94 95 96 97 101 101 101 101 100 99 101 99 96 92 90 87 86 86 86 78 72 66 66 64 61 56 63 70 75 76 74 68 58 48 54 73 83 84 82 81
85 86 88 87 84 78 75 72 70 71 68 64 58 55 57 59 57 57 58 57 53 48 44 43 48 58 67 76 80 88 89 91 92 92 91 92 91 91 92 91 87 88 91 90 86 79 71 62 80 90 91 92 92 92 94 94 94 93 93 95 98 100 99 96 97 94 97 97 91 88 86 85 83 84 86 85 83 77 74 72 69 64 56 55 65 75 73 67 55 46 55 77 84 84 80 74
89 89 89 88 85 82 82 81 79 78 74 66 64 60 54 50 50 50 50 50 48 43 42 45 54 63 76 86 86 87 86 87 90 93 92 91 92 91 91 87 78 86 89 84 70 64 61 63 79 86 89 91 93 93 94 94 93 91 90 92 95 97 96 92 91 91 94 97 94 88 84 83 80 83 86 86 85 83 79 73 71 70 67 57 54 72 72 67 54 46 55 77 83 84 79 64
91 90 89 90 88 89 89 86 83 81 75 72 71 65 62 57 52 44 44 44 41 41 41 46 59 68 72 72 72 75 78 85 89 92 91 91 92 91 87 82 68 78 81 71 58 59 66 69 70 83 90 92 93 93 94 94 93 89 88 89 90 91 91 89 86 89 92 94 94 90 87 84 79 82 86 86 85 82 78 73 70 68 65 55 53 66 71 67 55 45 53 75 83 84 79 59
91 90 88 89 88 88 87 82 79 76 75 72 71 68 63 56 49 43 41 42 41 40 42 48 59 66 64 60 61 66 73 81 88 91 91 91 90 86 78 73 62 59 64 55 60 73 85 89 79 87 91 92 92 93 94 94 92 91 88 85 86 87 87 86 86 86 90 91 92 89 86 82 77 82 85 85 82 80 75 72 68 64 59 53 49 57 68 66 55 44 51 70 83 83 78 58
91 87 83 81 79 80 77 71 68 67 66 65 64 62 56 49 44 41 41 40 41 40 42 46 53 56 53 62 68 76 81 85 90 92 91 89 86 80 78 75 66 53 52 56 66 84 91 90 84 90 92 92 92 93 93 92 92 90 88 84 83 83 82 81 81 83 86 88 89 87 84 79 75 81 82 82 81 78 74 71 69 67 64 59 52 47 58 64 54 45 47 70 83 83 79 61
86 87 85 81 75 71 67 65 65 59 56 55 52 52 49 45 42 41 40 40 40 40 41 45 47 48 54 62 67 75 84 90 92 92 91 91 91 88 81 73 59 49 59 66 84 91 93 92 90 89 93 92 92 92 91 91 90 89 88 86 84 83 81 79 77 76 79 85 86 87 83 78 73 77 79 80 79 78 76 75 73 71 68 64 56 49 47 58 54 44 51 76 82 81 75 58
90 89 87 82 80 77 74 74 76 69 66 59 55 45 43 42 41 40 39 39 39 40 41 43 44 46 50 56 61 66 78 86 89 86 88 89 85 78 70 60 51 50 61 77 90 91 92 93 91 90 92 92 92 92 91 90 90 90 90 88 86 86 87 86 85 76 72 81 86 87 82 77 73 71 76 77 78 77 77 77 75 72 70 66 61 55 48 45 49 44 65 80 81 77 64 52
91 90 90 85 83 81 81 78 76 71 66 58 50 43 41 40 40 39 38 38 39 40 41 43 43 44 45 50 54 59 65 70 74 77 79 79 74 66 60 52 45 52 66 85 88 89 91 93 92 91 92 92 92 91 91 91 91 91 91 89 87 88 89 88 83 77 71 72 83 85 80 77 74 68 70 72 75 77 77 76 75 72 70 67 63 56 52 46 44 46 71 80 77 66 50 57
92 92 92 86 84 82 80 76 72 66 60 52 45 42 40 39 38 38 37 38 39 40 41 42 42 42 43 46 49 53 57 61 64 68 69 68 64 59 52 47 48 68 77 84 86 87 90 93 92 89 92 92 91 91 91 91 89 89 89 88 86 87 88 87 84 79 73 67 77 81 78 76 74 70 62 66 73 76 75 75 73 71 69 67 64 57 51 48 46 43 67 78 72 58 49 67
91 89 86 82 83 82 79 73 66 59 55 49 43 41 39 38 37 37 36 37 39 40 40 41 41 41 42 43 45 47 50 53 57 59 60 59 57 53 46 42 53 77 88 86 86 80 86 83 84 84 85 90 91 90 90 89 85 86 84 83 82 84 84 84 80 77 73 64 73 76 75 74 73 70 65 57 66 73 73 73 72 70 67 63 59 57 55 52 48 42 57 74 64 50 51 69
90 83 79 73 77 81 77 71 64 55 47 44 42 40 39 37 37 36 36 37 38 39 40 40 40 41 41 41 42 43 45 48 50 52 52 52 50 47 42 42 57 80 83 80 73 65 66 64 62 68 68 83 85 88 89 88 85 84 81 79 79 79 77 77 74 72 67 62 68 69 69 71 71 69 66 58 56 70 70 70 70 70 68 68 67 64 58 53 48 43 47 61 49 45 50 49
86 82 76 67 71 75 72 64 56 50 45 41 40 39 38 37 36 35 36 37 38 39 39 40 40 40 40 40 40 41 43 44 45 48 47 47 45 42 39 46 62 68 66 64 57 50 50 49 47 50 53 60 66 76 82 86 86 85 83 80 79 76 74 72 70 69 68 63 60 57 54 59 64 65 62 56 49 62 65 65 67 69 69 70 69 65 58 52 48 41 40 43 45 54 65 61
85 81 75 66 59 61 62 56 49 45 42 40 38 37 37 36 35 35 36 37 38 39 39 39 40 40 39 39 39 40 41 40 41 43 44 43 42 40 38 44 52 50 49 48 46 42 39 40 38 40 41 44 49 56 62 65 74 82 82 84 83 81 81 79 74 73 73 70 70 67 61 56 52 51 51 48 46 48 49 52 54 65 66 69 68 64 57 51 46 42 40 43 56 73 76 79
