geoxygene-sig3d/src/main/resources/demo3D/bdalti/echantillon72/MNT_50M_asc.asc
ncols         201
nrows         201
xllcorner     464975.00
yllcorner     6734975.00
cellsize      50.00
NODATA_value  -9999
[rows 110 to 164 of 201, columns 0 to 95 of 201]
84 83 82 80 77 73 70 67 62 56 53 52 52 51 49 46 45 43 42 41 40 39 38 37 36 36 36 36 36 36 35 35 35 35 35 35 36 36 37 37 38 38 38 38 38 38 39 39 39 39 39 39 39 39 39 39 39 39 39 40 40 40 39 39 39 40 40 41 42 42 42 42 42 40 39 38 37 38 40 42 42 41 41 40 39 38 37 37 37 36 36 35 35 35 35 35
83 82 81 79 76 71 69 66 61 57 52 49 47 46 45 44 43 42 41 40 39 38 37 37 36 35 35 35 35 35 35 35 35 35 35 35 36 37 37 37 37 38 38 38 38 38 38 39 39 39 39 39 39 39 38 38 39 39 39 39 39 39 39 39 39 39 39 40 40 41 41 42 41 40 39 37 36 36 38 39 39 39 38 37 36 35 35 35 35 35 34 34 34 35 35 35
82 81 80 78 74 69 66 62 58 55 50 46 44 43 43 42 41 40 40 39 38 38 37 36 35 35 35 35 35 35 35 34 34 34 35 35 36 37 37 37 37 37 37 38 38 38 38 38 38 39 39 39 38 38 38 38 38 39 39 39 39 39 39 39 39 39 39 39 39 40 41 41 41 40 38 37 36 35 36 37 37 37 36 35 34 34 34 34 34 34 34 34 34 34 34 34
81 80 78 75 71 66 62 58 54 51 47 44 43 42 41 40 39 39 38 38 38 37 37 36 35 35 35 34 34 34 34 34 34 34 34 36 37 37 37 37 37 37 37 37 38 38 38 38 38 38 38 38 38 38 38 38 38 38 38 39 39 39 39 39 39 39 39 39 39 40 41 40 40 39 38 37 36 35 35 35 35 35 35 34 34 33 33 33 34 34 34 34 34 34 34 34
79 77 75 72 67 61 56 53 50 47 44 42 41 40 39 38 38 37 37 37 37 37 36 36 35 35 34 34 34 34 34 34 34 34 34 35 37 37 37 37 37 37 37 37 37 37 38 38 38 38 38 38 38 38 37 38 38 38 38 38 39 39 39 39 39 38 38 38 39 39 39 39 38 37 36 36 35 34 34 34 34 34 34 34 34 33 33 33 34 34 34 34 34 34 34 34
76 71 67 63 60 54 51 48 45 44 42 40 39 38 37 37 36 36 36 36 36 36 36 36 35 35 34 34 34 34 34 34 34 34 34 35 36 37 37 37 37 37 37 37 37 37 37 37 38 38 38 38 37 37 37 37 37 38 38 38 38 38 38 38 38 38 38 38 38 39 38 38 37 36 35 35 34 34 33 33 33 34 34 34 34 33 33 34 34 34 34 34 34 34 34 34
72 64 58 55 52 49 47 45 43 41 40 39 38 37 36 36 35 35 35 35 35 35 35 35 35 34 34 34 34 33 33 33 33 34 34 34 35 36 37 37 37 37 37 37 37 37 37 37 37 37 37 37 37 37 37 37 37 37 38 38 38 38 38 38 38 38 38 38 38 38 37 36 36 35 34 34 33 33 33 33 33 33 33 33 33 33 33 34 34 34 34 34 34 34 34 34
63 55 52 50 47 45 43 42 41 39 38 37 36 36 35 35 35 35 35 35 35 35 35 35 34 34 34 33 33 33 33 33 33 34 34 34 35 35 36 37 36 36 36 36 36 37 37 37 37 37 37 37 37 36 36 36 37 37 37 38 38 38 38 38 38 38 38 38 38 37 36 35 34 34 33 33 32 32 32 32 32 33 33 33 33 33 33 33 34 34 34 34 34 34 34 34
52 50 47 45 43 42 41 40 39 38 37 36 35 35 35 35 35 35 35 35 35 35 35 34 34 34 33 33 33 33 33 33 33 33 34 34 34 35 35 36 36 36 36 36 36 36 36 37 37 37 37 37 36 36 36 36 37 37 37 37 37 37 37 37 37 37 38 38 37 37 36 34 33 32 32 32 32 31 31 31 32 32 32 33 33 33 33 33 33 33 33 33 33 33 33 33
46 45 43 42 41 39 38 38 37 37 36 35 35 34 34 34 34 34 34 34 34 34 34 34 34 33 33 33 33 32 33 33 33 33 34 34 34 35 35 36 36 36 36 36 36 36 36 36 37 37 37 37 36 36 35 35 36 37 37 37 37 37 37 37 37 37 37 37 37 36 36 33 32 31 31 31 31 31 31 31 31 32 32 32 32 32 32 33 33 33 33 33 33 33 33 33
42 41 40 39 37 37 37 36 36 35 35 35 34 34 34 34 34 34 34 34 34 34 34 34 33 33 33 32 32 32 32 32 33 33 33 34 34 35 35 35 35 36 35 35 35 36 36 36 36 36 37 36 36 36 35 35 36 36 37 37 37 37 37 36 36 36 36 37 36 36 34 32 31 30 30 30 30 30 30 31 31 31 32 32 32 32 32 32 32 33 33 33 33 33 33 33
39 38 37 36 35 35 36 35 35 35 34 34 34 34 34 34 34 34 34 34 34 34 34 33 33 33 32 32 32 32 32 32 32 33 33 34 34 34 35 35 35 35 35 35 35 36 36 36 36 36 36 36 36 36 35 35 36 36 36 36 36 36 36 36 36 36 36 36 36 35 33 31 30 30 30 30 30 30 30 30 31 31 31 31 31 32 32 32 32 32 32 32 32 33 32 32
37 36 35 34 34 34 34 34 34 34 34 34 33 33 33 34 34 34 34 34 34 33 33 33 33 32 32 32 32 31 32 32 32 33 33 33 34 34 34 35 35 35 35 35 35 36 36 36 36 36 36 36 36 35 35 35 36 36 36 36 36 36 36 36 35 35 35 35 35 34 32 31 30 30 30 30 30 30 30 30 30 30 31 31 31 31 31 32 32 32 32 32 32 32 32 32
37 35 34 33 33 33 34 34 34 33 33 33 33 33 33 33 33 33 34 33 33 33 33 33 32 32 32 31 31 31 31 32 32 32 33 33 34 34 34 34 34 34 34 34 35 35 35 36 35 35 35 35 35 35 34 35 36 36 36 35 36 36 36 36 35 35 34 34 33 33 32 31 30 30 30 30 30 30 30 30 30 30 30 30 30 30 31 31 31 32 32 32 32 32 32 32
37 35 34 33 33 33 33 33 33 33 33 33 33 33 33 33 33 33 33 33 33 33 33 32 32 32 32 31 31 31 31 31 32 32 33 33 33 34 34 34 34 34 34 34 34 35 35 35 35 35 35 35 34 34 34 34 35 36 36 35 35 35 35 35 35 34 34 33 32 32 31 30 30 30 30 30 30 30 30 30 30 30 30 30 30 30 30 30 31 31 32 32 32 32 32 32
36 35 33 32 32 32 32 32 32 32 32 32 32 32 32 33 33 33 33 33 33 33 32 32 32 32 31 31 31 30 31 31 32 32 32 33 33 33 34 34 34 34 34 34 34 34 35 35 35 35 34 34 34 34 34 34 35 36 36 36 35 35 35 35 34 34 33 32 32 31 30 30 30 30 30 30 30 30 30 30 30 30 30 30 30 30 30 30 31 31 31 32 32 32 32 32
35 34 33 32 31 31 31 32 32 32 32 32 32 32 32 32 32 33 33 33 32 32 32 32 32 32 31 31 30 30 31 31 32 32 32 33 33 33 33 34 34 34 34 34 34 34 34 34 34 34 34 34 33 33 34 34 35 35 36 36 35 35 34 34 33 33 32 32 31 30 30 30 30 30 30 30 30 30 30 30 30 30 30 30 30 30 30 30 31 31 31 31 31 31 31 31
33 32 32 31 31 30 31 31 31 31 31 31 31 31 32 32 32 32 32 32 32 32 32 32 31 31 31 31 30 30 30 31 31 32 32 32 33 33 33 33 33 33 33 33 34 34 34 34 34 34 33 33 33 33 33 34 34 35 35 35 35 34 34 33 33 32 32 31 31 30 30 30 30 30 30 30 30 30 30 30 30 30 30 30 30 30 30 30 31 31 31 31 31 31 31 31
31 31 31 30 30 30 30 30 31 31 30 30 31 31 31 32 32 32 32 32 32 32 31 31 31 31 31 31 30 30 30 31 31 32 32 32 32 33 33 33 33 33 33 33 33 33 33 33 33 33 33 33 32 33 33 33 34 34 34 34 34 33 33 32 32 31 31 31 30 30 30 30 30 30 30 30 30 30 30 30 30 30 30 30 30 30 30 30 30 30 31 31 30 30 31 31
30 30 30 30 30 30 30 30 30 30 30 30 30 30 31 31 32 32 32 32 31 31 31 31 31 31 31 30 30 30 30 31 31 32 32 32 32 32 33 33 33 33 33 33 33 33 33 33 33 32 32 32 32 32 32 33 33 33 34 33 33 33 32 31 31 31 30 30 30 30 30 30 30 30 30 30 30 30 30 30 30 30 30 30 30 30 30 30 30 30 30 30 30 30 30 30
29 29 30 30 29 29 29 29 29 30 30 30 30 30 30 31 32 32 32 31 31 30 31 30 30 30 30 30 30 30 30 30 31 32 32 32 32 32 32 32 32 32 32 32 33 33 33 33 33 32 31 31 31 32 32 32 32 33 33 33 32 32 31 31 30 30 30 30 30 30 30 30 30 30 30 30 30 30 30 30 30 30 30 30 30 30 31 31 30 30 30 30 30 30 30 30
29 29 29 29 29 29 28 29 29 29 29 29 29 30 30 31 31 32 32 31 30 30 30 30 30 30 30 30 30 30 30 30 31 32 32 32 32 32 32 32 32 32 32 32 32 32 33 33 32 32 31 31 31 31 31 32 32 32 32 32 32 31 31 31 30 30 30 30 30 30 30 30 30 30 30 30 30 30 30 30 30 30 30 30 30 30 30 31 31 31 31 31 31 30 30 30
29 29 29 29 29 28 28 28 29 29 29 29 29 29 30 30 31 31 31 31 31 30 29 29 29 29 29 29 29 30 30 30 30 31 32 32 32 32 32 32 32 32 32 32 32 32 32 32 32 32 30 30 30 31 31 31 31 31 31 31 31 31 31 30 30 30 30 30 30 30 30 30 30 30 30 30 30 30 30 30 30 30 30 30 30 30 30 31 31 31 31 31 31 31 31 30
28 29 29 29 29 28 28 27 28 28 28 28 29 29 29 30 31 31 31 31 30 29 29 29 29 29 29 29 29 29 30 30 30 31 31 31 31 31 31 31 32 32 31 31 31 32 32 32 32 32 30 30 30 30 30 30 30 30 30 30 30 30 30 30 30 30 30 30 30 30 30 30 30 30 29 29 29 30 30 30 30 30 30 30 30 30 30 30 31 31 31 31 31 31 31 31
28 28 28 28 28 28 27 27 27 28 28 28 28 28 29 30 30 30 30 30 29 28 28 28 28 29 29 29 29 29 30 30 30 30 31 31 31 31 31 31 31 31 31 31 31 31 32 32 32 31 31 30 30 30 30 30 30 30 30 30 30 30 30 30 30 30 30 30 30 30 30 30 29 29 29 29 29 29 29 29 30 30 30 30 30 30 30 30 31 31 31 31 31 31 31 31
28 28 28 28 28 28 27 27 27 27 27 28 28 28 29 29 30 30 29 29 28 28 28 28 28 29 29 29 29 30 30 30 30 30 30 31 31 31 31 31 31 31 31 31 30 31 31 31 31 31 30 30 30 29 29 30 30 30 30 30 30 30 30 30 30 30 30 30 30 30 30 29 29 29 29 29 29 29 29 29 29 29 30 30 30 30 30 30 30 30 30 31 31 31 31 31
27 27 28 28 28 28 28 27 27 27 27 27 27 28 28 29 29 29 29 28 28 27 27 28 28 29 29 29 29 30 30 30 30 30 30 30 30 31 30 31 31 31 30 30 30 30 31 31 31 31 30 30 29 29 29 29 29 29 29 30 30 30 30 30 30 30 30 30 30 30 29 29 29 29 29 29 29 29 29 29 29 29 30 30 30 30 30 30 30 30 30 30 31 31 31 31
27 27 28 28 28 28 28 28 28 28 28 27 27 27 28 28 28 28 28 28 27 27 27 28 28 29 29 29 29 30 30 30 30 30 30 30 30 30 30 30 30 30 30 30 30 30 30 30 30 30 30 29 29 29 29 29 29 29 29 29 30 30 30 30 30 30 30 30 30 29 29 29 29 29 29 29 29 29 29 29 29 29 30 30 30 30 30 30 30 30 30 30 30 30 30 31
27 27 28 28 28 28 28 28 28 28 28 28 27 27 27 27 27 28 28 27 27 27 27 28 29 29 29 29 29 29 29 30 30 30 30 30 30 30 30 30 30 30 30 30 30 30 30 30 29 29 29 29 29 29 29 29 29 29 29 29 30 30 30 30 30 30 30 30 29 29 29 29 29 29 29 29 29 29 29 29 29 29 30 30 30 30 30 30 30 30 30 30 30 30 30 31
28 28 27 27 28 28 28 28 28 28 28 28 28 27 27 27 27 27 27 27 27 27 28 28 29 29 29 29 29 29 29 29 30 30 30 30 30 30 30 30 30 30 29 29 29 29 29 29 28 28 28 28 28 28 28 29 29 29 29 30 30 30 30 30 30 30 30 29 29 29 29 29 29 29 29 29 29 29 29 29 29 29 30 30 30 30 30 30 30 30 30 30 30 30 30 30
28 28 27 27 27 28 28 28 28 28 28 28 28 27 27 27 27 27 27 27 28 28 28 29 29 29 29 29 29 29 29 29 29 30 30 30 30 30 30 30 30 29 29 29 29 28 28 28 28 28 28 28 28 28 28 28 29 29 29 30 30 30 30 30 30 29 29 29 29 29 29 29 29 29 29 29 29 29 29 29 29 29 29 30 30 30 30 30 30 30 30 30 30 30 30 30
27 27 27 27 27 28 28 28 28 28 27 28 28 28 28 28 28 28 28 28 28 29 29 29 29 29 29 29 29 29 29 29 29 29 29 29 30 30 30 29 29 29 29 28 28 28 28 28 28 28 28 28 28 28 28 28 28 29 29 30 30 30 30 30 29 29 29 29 29 29 29 29 29 29 29 29 29 29 29 29 29 29 29 29 30 30 30 30 30 30 30 30 30 30 30 30
27 27 27 27 27 27 28 28 28 27 27 27 28 28 28 29 29 29 29 29 29 29 29 29 29 29 29 29 29 29 29 29 29 29 29 29 29 29 29 29 29 29 28 28 28 28 28 28 28 28 28 28 28 28 28 28 28 29 29 30 30 30 30 29 29 29 29 29 29 29 29 29 29 29 29 29 29 29 29 29 29 29 29 29 29 30 30 30 30 30 30 30 30 30 31 31
27 27 27 27 27 27 27 27 27 27 28 27 28 28 29 29 29 29 29 29 29 29 29 29 29 29 29 29 29 29 29 29 29 29 29 29 29 29 29 29 29 28 28 28 28 28 28 28 28 28 28 28 28 28 28 28 29 29 29 30 30 30 29 29 29 29 29 29 29 29 29 29 29 29 29 29 29 29 29 29 29 29 29 29 29 29 29 30 30 30 30 30 30 30 31 31
27 27 27 27 27 27 27 27 27 28 28 28 28 29 29 29 29 29 29 29 29 29 29 29 29 29 29 29 29 29 29 29 29 29 29 29 29 29 29 29 29 28 28 28 28 28 28 28 28 28 28 28 28 28 29 29 29 29 29 29 29 29 29 29 29 29 29 29 29 29 29 29 29 29 29 29 29 29 29 29 29 29 29 29 29 29 29 29 30 30 30 30 30 30 31 31
27 27 27 27 27 27 27 27 27 28 28 28 28 29 29 29 29 29 29 29 29 29 29 29 29 29 29 29 29 29 29 29 29 29 29 29 29 29 29 29 28 28 28 28 28 28 28 28 28 28 28 29 29 29 29 29 29 29 29 29 29 29 29 29 29 29 29 29 29 29 29 29 29 29 29 29 29 29 29 29 29 29 29 29 29 29 29 29 29 30 30 30 30 30 31 31
27 27 27 27 27 27 27 27 28 28 28 29 29 29 29 29 29 29 29 29 29 29 29 29 29 29 29 29 29 29 29 29 29 29 29 29 29 29 29 29 28 28 28 28 28 28 29 29 29 29 29 29 29 29 29 29 29 29 29 29 29 29 29 29 29 29 29 29 29 29 29 29 29 29 29 29 29 29 29 29 29 29 29 29 29 29 29 29 29 30 30 30 30 30 31 31
27 27 27 27 27 27 27 28 28 28 29 29 29 29 29 29 29 29 28 28 28 29 29 29 29 29 29 29 29 29 29 29 28 28 28 29 29 29 29 28 28 28 28 28 28 29 29 29 29 29 29 29 29 29 29 30 30 30 29 29 29 29 29 29 29 29 29 29 29 29 29 29 29 29 28 29 28 28 28 29 29 29 29 29 29 29 29 29 29 30 30 30 30 30 31 31
27 27 27 27 27 27 27 28 28 29 29 29 29 29 29 29 29 29 28 28 27 28 28 29 29 29 28 28 29 29 29 28 28 28 28 28 28 28 28 28 28 28 28 28 29 29 29 29 29 29 29 29 29 29 30 30 30 29 29 29 29 29 29 29 29 29 29 29 28 28 28 28 28 28 28 28 28 28 28 28 29 29 29 29 29 29 29 29 29 29 30 30 30 30 31 31
27 27 27 27 27 27 27 28 28 29 29 29 29 29 29 29 29 29 28 28 27 27 28 29 28 28 28 28 28 28 28 28 28 28 28 28 28 28 28 28 28 28 28 28 29 29 29 29 29 29 29 29 29 29 30 30 30 29 29 29 29 29 29 29 29 29 28 28 28 28 28 28 28 28 28 28 28 28 28 28 28 29 29 29 29 29 29 29 29 29 30 30 30 30 31 31
27 27 27 27 27 27 27 27 28 28 28 29 28 28 29 29 29 29 28 28 27 27 28 28 28 28 28 28 28 28 28 28 28 28 28 28 28 28 28 27 27 28 28 28 29 29 30 30 30 29 29 29 29 29 29 29 29 29 29 29 29 29 29 29 29 28 28 28 28 28 28 28 28 28 28 28 28 28 28 28 28 28 29 29 29 29 29 29 29 29 30 30 30 30 31 31
27 27 27 27 27 27 27 27 28 28 28 28 28 28 29 29 29 29 28 28 27 27 28 28 28 28 28 28 28 28 28 28 28 27 27 27 27 27 27 27 27 28 28 29 29 29 30 30 30 29 29 29 29 29 29 29 29 29 29 29 29 29 29 28 28 28 28 28 28 28 28 28 28 28 28 28 28 28 28 28 28 28 29 29 29 29 29 29 29 29 30 30 30 30 30 30
27 27 27 27 27 27 27 27 27 28 28 28 28 28 28 29 29 29 28 28 28 27 27 28 28 28 28 28 28 28 28 28 27 27 27 27 27 27 27 27 27 28 28 29 29 30 30 30 30 30 29 29 29 29 29 29 29 29 29 29 29 29 28 28 28 28 28 28 28 28 28 28 28 28 28 28 28 28 28 28 28 28 29 29 29 29 29 29 29 29 30 30 30 30 30 30
27 27 27 27 28 27 27 27 27 27 28 28 28 28 28 29 29 29 28 28 28 27 27 27 28 28 28 28 28 28 28 28 28 28 28 28 28 28 28 28 28 29 29 29 30 30 30 30 30 30 29 29 29 29 29 29 29 29 29 29 29 28 28 28 28 28 28 28 28 28 28 28 28 28 28 28 28 28 28 28 28 28 28 29 29 29 29 29 29 29 29 30 30 30 30 30
27 27 27 27 28 28 28 27 27 27 27 28 28 28 28 28 28 28 28 28 28 28 27 27 27 28 28 28 28 28 28 28 28 28 28 28 29 28 28 28 29 29 30 30 30 30 30 30 30 30 30 29 29 29 29 29 29 29 29 29 29 28 28 28 28 28 28 28 28 28 28 28 28 28 28 28 28 28 28 28 28 28 28 28 28 29 29 29 29 29 29 29 30 30 30 30
27 27 27 27 28 28 28 28 27 27 27 28 28 28 28 28 28 28 28 28 28 28 27 27 27 27 28 28 28 28 28 28 28 28 28 29 29 29 29 29 29 30 30 30 31 30 30 30 30 30 30 29 29 29 29 29 29 29 29 29 28 28 28 28 28 28 28 28 28 28 28 28 28 28 28 28 28 28 28 28 28 28 28 28 28 28 29 29 29 29 29 29 30 30 30 30
27 27 27 27 28 28 28 28 27 27 27 28 28 28 28 28 28 28 28 28 28 27 27 27 27 27 27 28 28 28 28 28 28 28 28 29 29 29 29 29 30 30 30 30 31 31 30 30 30 30 30 29 29 29 29 29 29 29 29 29 28 28 28 28 28 28 28 28 28 28 28 28 28 28 28 28 28 28 28 28 28 28 27 27 28 28 29 29 29 29 29 29 29 30 30 30
27 27 27 27 28 28 29 28 28 28 28 28 28 28 28 28 28 28 27 27 27 27 27 27 27 27 27 28 28 28 28 28 28 28 29 29 29 29 30 30 30 30 30 30 30 30 30 30 30 30 30 29 29 29 29 29 29 29 29 29 28 28 28 28 28 28 28 28 28 28 28 28 28 28 28 28 28 28 28 28 28 28 27 27 28 28 29 29 29 29 29 29 29 29 30 30
27 27 27 27 28 28 28 29 28 28 28 28 28 28 28 28 28 27 27 27 27 27 27 27 27 27 28 28 28 28 28 28 28 28 29 29 29 29 30 30 30 30 30 30 30 30 30 30 30 30 30 29 29 29 29 29 29 29 29 28 28 28 28 28 27 27 28 28 28 28 28 28 28 28 28 28 28 28 28 28 28 28 27 27 28 28 28 28 28 28 29 29 29 29 30 30
27 27 27 28 28 28 28 28 28 28 28 28 28 28 28 28 27 27 27 27 27 27 27 27 27 28 28 28 28 28 28 28 28 28 28 29 29 29 30 30 30 30 30 30 30 30 30 30 30 30 30 29 29 29 29 29 29 29 28 28 28 28 28 28 27 27 28 28 28 28 28 28 28 28 28 28 28 28 28 28 28 28 28 28 28 28 28 28 28 28 28 29 29 29 29 30
27 27 27 28 28 28 28 28 28 28 28 28 28 28 28 27 27 27 27 27 27 27 27 27 28 28 28 28 28 28 28 28 28 28 28 29 29 29 29 30 30 30 30 30 30 30 30 30 30 30 30 29 29 29 29 29 29 28 28 28 28 28 28 28 27 27 28 28 28 28 28 28 28 28 28 28 28 28 28 28 28 28 28 28 28 28 28 28 28 28 28 29 29 29 29 29
27 27 27 28 28 28 28 28 28 28 28 28 28 28 27 27 27 27 27 27 27 27 27 28 28 28 28 28 28 28 28 28 28 28 28 28 29 29 29 29 29 29 29 29 29 29 30 30 30 30 29 29 29 29 29 29 29 28 28 28 28 28 28 28 28 28 28 28 28 28 28 28 28 28 28 28 28 28 28 28 28 28 28 28 28 28 28 28 28 28 29 29 29 29 29 29
27 27 27 28 28 28 28 28 28 28 28 28 28 28 27 27 27 27 27 27 27 27 28 28 28 28 28 28 28 28 28 28 28 28 28 28 29 29 29 29 29 29 29 29 29 29 29 29 29 29 29 29 29 29 29 29 28 28 28 28 28 28 28 28 28 28 28 28 28 28 28 27 28 28 28 28 28 28 28 28 28 28 28 28 28 28 28 28 28 28 29 29 29 29 29 29
27 27 28 28 28 28 28 28 28 28 28 28 28 27 27 27 27 27 27 27 27 28 28 28 28 28 28 28 28 28 28 28 28 28 28 28 29 29 29 29 29 29 29 29 29 29 29 29 29 29 29 29 29 29 29 29 28 28 28 28 28 28 28 28 28 28 28 28 28 28 27 28 28 28 28 28 28 28 28 28 28 28 28 28 28 28 28 28 28 28 29 29 29 29 29 29
27 28 28 28 28 28 28 28 27 27 28 28 28 27 27 27 27 27 27 27 28 28 28 28 28 28 28 28 28 28 28 28 28 27 28 28 29 29 29 29 29 28 28 28 28 28 28 28 28 28 29 29 29 29 29 29 28 28 28 28 28 28 28 28 28 28 28 28 28 28 28 28 28 28 28 28 28 28 28 28 28 28 28 28 28 28 28 28 28 28 29 29 29 29 29 29
