geoxygene-sig3d/src/main/resources/demo3D/bdalti/echantillon72/MNT_50M_asc.asc
ncols         201
nrows         201
xllcorner     464975.00
yllcorner     6734975.00
cellsize      50.00
NODATA_value  -9999
[rows 0 to 54 of 201, columns 0 to 95 of 201]
51 52 52 52 58 59 59 59 58 58 57 57 57 56 57 57 58 58 57 57 57 58 60 62 65 67 69 70 72 72 71 69 69 72 75 78 79 80 81 80 81 82 82 82 82 83 83 84 84 83 83 84 84 84 84 84 84 83 83 83 83 85 86 88 89 89 89 89 89 88 89 89 89 88 88 88 86 85 83 86 88 90 92 92 93 94 94 94 93 93 93 94 94 94 93 92
52 51 50 52 57 58 57 57 56 55 56 56 55 56 56 56 57 57 57 56 56 58 60 64 66 70 72 74 74 74 72 71 71 72 76 77 79 79 80 81 81 81 81 82 82 82 83 83 83 84 84 84 84 84 84 84 84 84 83 83 83 84 86 87 88 89 89 89 89 89 89 89 89 89 88 87 86 85 84 86 88 90 92 93 94 94 94 94 93 93 94 94 94 94 93 91
58 56 53 52 51 52 52 53 53 52 53 54 54 54 54 55 56 56 56 56 56 58 62 66 69 72 74 76 76 75 74 74 73 74 74 76 77 78 79 79 80 80 80 81 82 82 83 83 83 84 84 84 85 84 84 84 84 84 84 83 83 84 86 87 88 89 89 89 90 90 90 90 90 89 88 87 86 85 85 85 87 89 91 93 94 94 94 94 93 93 94 94 94 94 93 91
61 59 57 56 55 55 55 55 55 54 54 55 55 55 55 54 54 54 55 55 57 60 65 70 73 75 76 77 77 76 75 76 76 75 75 76 77 78 77 78 80 81 81 81 82 82 83 83 83 84 84 85 85 85 85 85 85 85 84 84 84 84 85 86 87 88 89 89 90 90 91 91 90 89 88 87 86 86 86 86 87 88 89 91 93 94 94 94 94 94 94 94 94 93 92 91
62 61 60 59 59 57 57 57 57 56 55 56 57 57 56 56 56 55 55 56 59 63 68 72 75 76 76 77 77 77 76 76 77 76 76 76 77 78 80 80 81 81 82 82 82 83 83 83 84 84 85 85 85 85 85 85 85 85 85 84 84 84 85 86 87 87 88 89 90 91 91 91 91 89 88 87 87 87 87 88 88 90 90 90 91 93 94 94 94 94 94 94 93 92 91 90
62 62 62 62 61 59 58 58 57 57 56 55 57 57 57 57 56 55 55 57 61 64 69 73 75 75 76 77 77 77 77 77 77 77 77 77 78 79 80 81 82 82 82 83 83 83 83 84 84 84 85 85 86 86 85 85 85 85 86 85 85 85 85 86 86 87 88 89 90 91 91 91 90 89 88 88 88 88 88 89 89 90 92 93 93 93 94 94 94 94 93 93 92 90 91 89
62 62 62 62 61 60 59 58 58 57 56 56 56 58 58 58 57 56 55 56 61 64 68 72 74 76 77 77 77 77 77 77 77 77 77 78 78 78 80 82 82 82 83 83 83 84 84 84 84 84 85 85 85 86 85 85 85 86 86 86 85 85 85 86 86 87 88 89 90 91 91 91 90 90 89 88 89 89 89 89 90 91 93 94 94 93 93 93 93 93 92 92 89 88 89 88
62 62 62 62 61 61 60 59 59 58 58 56 56 57 58 58 58 58 56 56 59 62 65 69 73 76 76 76 77 76 76 76 77 78 78 79 79 80 81 82 82 83 83 83 83 84 84 84 84 84 85 85 85 85 86 86 86 86 86 86 85 85 85 86 86 87 88 89 91 91 91 91 91 90 90 90 90 90 90 90 91 92 93 94 94 94 94 93 93 92 91 89 87 86 87 86
61 61 62 62 61 61 61 60 60 59 58 57 57 57 57 58 59 59 57 56 56 59 62 67 71 74 75 75 76 75 75 76 78 80 80 80 81 81 82 82 82 83 83 83 84 84 84 84 84 85 85 85 85 85 85 86 86 86 86 86 86 85 85 86 86 87 88 89 90 91 91 91 92 91 91 91 91 91 91 91 92 93 93 94 94 94 94 93 92 91 89 88 87 87 85 85
61 61 61 61 61 61 61 61 60 59 59 58 57 57 57 58 59 59 58 57 56 57 60 64 67 71 73 73 73 74 75 77 79 80 81 81 81 82 82 82 82 83 83 84 84 84 84 84 85 85 85 85 85 85 85 85 86 86 86 86 86 86 85 86 86 86 88 89 89 90 91 91 91 91 91 91 92 92 92 93 93 93 93 94 94 94 94 93 92 90 89 89 88 88 88 88
62 62 61 61 61 61 61 61 60 60 59 58 58 57 57 57 58 58 58 57 57 57 59 61 63 68 71 69 70 74 76 77 79 80 80 80 81 81 81 82 82 82 83 83 84 84 84 85 85 85 85 85 85 86 86 86 86 86 87 87 86 86 86 85 85 86 87 88 88 89 89 89 90 91 91 92 92 93 93 93 93 93 93 93 94 94 94 93 92 91 90 89 89 89 89 89
62 62 62 62 61 61 61 60 60 59 59 59 58 57 57 57 58 58 58 58 58 59 59 59 60 64 67 66 69 74 76 77 78 78 78 79 79 80 80 81 81 82 83 83 83 84 84 85 85 86 86 86 86 86 86 86 86 87 87 87 87 86 86 86 86 86 87 88 88 88 88 88 89 90 91 92 92 93 93 93 93 93 93 93 93 94 94 93 92 91 90 89 89 89 90 90
62 62 62 62 62 61 61 60 59 59 59 58 58 58 57 58 58 58 59 59 59 60 60 61 61 61 63 66 69 73 74 75 75 75 75 77 78 78 79 80 81 82 82 83 83 84 85 85 86 86 86 86 86 86 86 87 87 87 87 87 87 87 86 86 86 87 87 87 88 88 88 89 90 90 90 92 93 93 94 93 93 93 93 93 93 93 93 93 92 90 90 90 89 89 90 90
62 62 62 62 62 61 61 60 59 58 58 58 58 58 58 58 58 59 59 60 60 61 61 63 63 64 63 63 66 69 71 71 74 75 76 77 78 79 80 80 81 81 82 83 84 84 86 86 86 86 86 87 87 87 87 87 87 87 87 87 87 87 87 87 87 88 88 88 88 90 90 91 91 91 91 92 93 93 94 93 93 93 93 93 93 93 93 92 92 91 90 90 89 89 89 89
62 62 62 62 62 60 60 59 58 58 58 58 58 58 58 58 59 59 60 60 61 62 64 65 66 67 66 65 64 67 70 73 75 76 77 78 78 79 80 81 81 81 82 83 84 85 87 87 87 87 86 86 87 87 87 87 87 87 87 87 87 87 87 87 88 89 89 88 90 91 92 92 92 92 92 93 93 93 93 93 93 94 94 93 93 92 92 92 92 91 90 90 90 89 89 89
61 62 62 62 62 61 60 59 58 57 57 58 58 58 58 58 58 60 61 62 62 64 66 68 69 70 70 67 64 67 72 74 76 77 78 78 79 80 81 81 81 82 83 84 85 86 87 88 87 86 85 86 86 86 86 86 86 87 87 88 88 88 88 89 89 89 89 88 90 92 92 93 93 93 93 93 93 93 93 93 93 94 94 94 93 92 91 91 91 90 90 90 90 90 89 89
61 62 62 62 62 61 60 59 59 59 59 58 58 58 58 58 58 60 62 64 67 69 70 71 73 73 72 69 66 65 71 73 75 77 78 79 79 80 81 82 82 83 84 85 87 88 88 88 86 85 84 84 84 85 85 85 86 87 88 88 88 89 89 90 90 90 90 90 90 92 93 93 93 93 93 93 93 93 93 93 94 94 93 93 93 91 90 90 90 89 89 89 89 89 89 89
61 62 62 62 62 62 62 62 63 62 61 61 60 58 58 58 58 60 63 67 71 73 74 76 75 74 73 71 67 66 67 70 73 76 78 79 80 81 82 82 83 84 85 86 88 89 89 88 85 83 83 82 82 83 83 84 86 87 87 88 89 89 90 90 91 91 91 91 92 93 94 94 94 93 94 93 93 93 93 94 94 93 93 92 92 91 89 88 88 88 87 88 88 88 88 88
62 62 62 63 65 66 66 67 68 67 66 65 62 59 58 58 58 60 65 70 74 76 77 77 76 75 73 71 69 68 65 69 73 75 77 79 80 81 83 84 85 86 88 88 89 89 88 87 84 82 81 81 81 81 81 83 85 86 87 88 89 90 90 90 91 91 91 92 93 93 94 94 94 94 94 93 93 93 94 94 94 93 92 92 91 90 88 87 87 87 86 87 86 86 87 88
63 63 64 65 69 70 72 73 73 71 70 68 67 65 63 61 59 61 66 72 76 78 78 78 77 75 73 70 71 72 70 67 73 75 77 79 80 82 83 85 86 88 89 89 89 89 88 86 84 81 79 79 80 80 81 82 83 85 85 86 88 89 90 90 91 91 92 92 92 93 93 93 94 94 94 94 93 93 93 93 93 93 92 91 90 90 90 90 89 87 86 86 85 85 86 86
64 65 66 69 72 73 74 75 76 75 74 72 71 70 69 68 65 63 68 73 77 79 79 78 77 75 73 70 72 74 73 69 70 75 77 78 80 82 84 85 87 88 89 89 89 89 88 86 84 80 79 80 81 81 82 82 82 83 84 85 85 88 89 89 91 91 91 91 92 92 92 93 94 94 94 94 94 93 93 93 93 92 91 90 90 91 91 91 90 88 86 85 85 85 85 85
66 67 69 71 74 75 77 78 78 77 77 77 76 76 74 73 69 66 68 75 78 79 79 78 77 76 73 72 74 76 76 74 71 71 75 77 79 81 83 86 87 88 88 89 89 89 88 87 84 79 80 81 82 82 83 84 84 84 84 85 85 85 87 88 90 90 90 91 91 91 91 92 93 94 94 94 94 93 93 92 92 92 91 90 90 91 91 91 91 90 88 86 85 85 85 83
69 70 71 73 75 77 78 79 79 79 79 79 78 78 77 75 71 67 69 75 77 79 79 79 78 75 73 74 76 77 78 77 74 71 71 74 76 79 81 84 86 87 87 87 88 89 88 86 82 78 81 82 83 84 85 85 86 86 85 86 86 87 87 88 89 90 90 90 90 90 90 91 93 93 94 94 94 93 93 92 92 91 91 90 91 91 92 92 91 91 89 87 86 85 84 84
71 72 74 74 76 77 79 79 79 79 79 79 79 78 77 75 71 68 71 76 78 78 79 78 77 74 74 75 76 78 79 79 77 75 72 71 73 76 78 81 84 86 85 86 86 85 85 83 79 79 81 83 84 85 86 87 87 87 87 88 88 88 89 89 89 90 90 90 90 90 91 91 93 93 94 93 93 93 92 92 91 91 91 91 91 91 92 92 92 91 89 87 86 85 85 85
73 74 76 76 76 78 79 79 79 79 79 79 79 78 77 73 70 71 74 77 78 79 79 78 76 75 75 75 77 78 79 80 79 78 77 76 75 75 75 78 81 83 83 84 82 80 80 79 78 80 83 84 85 86 87 88 89 89 89 89 90 90 90 90 90 90 90 90 90 91 92 93 93 93 93 93 93 93 92 92 91 91 91 91 91 91 92 92 91 90 88 86 85 86 86 87
74 75 76 77 78 78 79 79 79 79 79 78 78 78 75 71 72 75 77 79 79 79 79 77 76 77 77 77 78 79 80 81 82 82 81 80 79 77 76 75 77 79 80 80 78 77 77 78 80 82 84 85 85 86 88 89 90 90 90 90 91 91 91 91 90 90 91 91 91 90 92 94 93 93 93 93 93 93 92 92 91 91 91 91 91 92 92 91 91 89 87 86 86 88 89 89
75 76 77 77 78 78 79 79 79 79 79 78 78 77 74 72 76 78 79 80 80 80 79 78 77 78 79 79 80 80 81 82 83 84 84 83 82 80 78 76 75 76 76 76 76 76 78 81 83 84 85 86 86 87 89 90 91 92 92 92 92 92 92 91 90 91 91 91 91 90 92 93 93 94 94 93 93 93 92 92 92 91 91 91 92 92 91 91 89 87 86 85 87 90 91 90
76 77 78 78 78 78 79 78 78 78 78 78 77 75 72 74 77 79 80 81 80 80 80 80 78 79 80 81 82 82 83 84 85 87 86 85 83 82 80 77 75 75 77 79 80 79 79 82 84 85 85 86 87 88 90 91 92 92 93 93 93 93 93 91 91 92 92 92 92 91 91 92 93 94 94 93 93 93 92 92 92 92 92 92 92 92 91 89 87 87 87 88 90 91 91 91
77 78 78 78 79 79 78 78 78 78 78 78 76 75 74 76 78 79 81 81 81 81 81 81 80 80 80 82 83 84 84 86 87 88 88 86 84 82 80 78 76 76 81 82 84 82 80 82 85 86 86 87 88 90 91 91 92 93 93 94 94 94 93 92 92 93 93 93 93 92 91 92 93 94 94 93 93 93 93 92 92 92 92 92 92 92 90 87 87 88 90 91 92 92 92 92
77 78 79 79 79 79 78 78 78 78 77 77 76 75 74 76 79 80 81 82 82 82 82 82 82 81 81 82 85 85 86 88 89 89 89 87 84 82 80 79 77 78 81 84 85 85 80 82 85 87 88 88 89 90 91 92 92 93 94 94 94 94 93 93 93 93 94 94 93 92 92 93 93 94 94 93 93 93 93 92 92 92 91 91 91 91 89 87 88 90 92 92 92 92 92 92
78 78 79 79 79 79 78 78 78 78 78 78 77 75 75 77 80 81 82 82 83 83 83 83 83 83 82 83 85 86 87 89 89 90 89 88 85 83 82 80 79 78 81 84 86 86 81 82 85 87 89 90 90 91 92 92 92 93 93 94 94 94 94 94 94 94 94 94 93 93 93 93 93 93 93 93 93 93 93 92 91 91 91 90 90 90 88 87 89 92 92 93 93 92 92 92
78 79 79 79 79 79 78 78 78 78 78 78 77 76 76 79 81 82 83 83 83 84 84 84 84 84 84 83 85 86 88 89 90 90 89 88 87 85 84 82 80 78 82 85 87 86 82 82 85 88 89 90 91 91 92 92 92 92 93 94 94 94 94 94 94 94 94 94 94 93 93 93 93 93 94 93 93 93 92 91 91 90 89 89 89 88 87 89 91 92 93 93 93 93 93 93
78 79 79 79 79 79 79 78 79 79 79 79 79 78 76 79 81 82 83 84 84 85 85 85 85 85 86 84 86 87 88 89 90 90 90 89 89 88 85 83 81 78 82 85 87 87 85 83 86 88 90 91 91 91 91 91 91 92 93 93 94 94 94 94 94 94 94 94 94 94 94 94 94 94 94 94 93 92 92 91 90 89 89 88 88 87 88 91 91 92 92 92 93 93 93 93
78 79 79 79 79 79 79 79 79 79 80 80 79 78 78 78 79 82 83 84 85 86 86 86 86 86 86 86 87 88 89 90 90 90 90 90 90 89 86 83 81 79 83 86 87 87 86 84 87 88 90 91 91 91 90 90 91 91 92 92 93 94 94 94 93 93 93 94 94 94 94 94 94 94 94 93 92 91 91 90 90 89 88 88 88 88 89 90 91 92 92 92 93 93 93 93
79 79 79 79 79 79 79 79 80 80 80 81 80 79 79 79 80 81 83 85 86 87 87 88 88 88 87 87 88 89 90 90 90 90 90 90 90 89 87 84 81 81 85 87 88 87 86 85 86 89 90 90 90 89 89 89 90 90 90 91 92 94 94 94 93 93 93 94 94 94 94 94 94 94 94 93 92 91 90 90 89 89 88 88 88 88 89 90 91 92 92 92 92 93 93 93
79 79 79 79 79 80 80 80 80 80 81 81 81 80 81 80 80 81 84 85 87 88 88 89 89 89 88 88 89 90 90 91 91 91 91 91 91 90 87 84 81 82 84 86 87 88 86 85 86 87 88 88 87 88 88 88 89 90 90 91 92 93 94 94 93 93 93 94 94 94 94 94 94 94 94 94 93 91 91 90 89 89 88 88 88 89 89 90 91 92 92 92 92 92 92 92
79 79 79 79 80 80 80 80 80 81 81 81 81 80 81 81 80 81 84 86 87 88 89 89 89 89 89 89 89 90 90 91 91 91 91 91 90 89 87 84 82 83 83 85 87 88 88 87 86 86 86 88 88 88 88 89 90 90 91 92 93 93 93 93 93 93 93 93 93 93 93 93 94 93 93 93 93 92 91 90 90 89 88 88 88 88 89 90 91 92 92 92 92 91 91 91
79 79 79 80 80 80 80 80 80 81 81 81 82 81 82 82 80 81 85 87 88 88 89 89 89 90 90 90 90 90 90 91 91 91 91 90 90 88 87 85 83 83 84 85 88 89 89 88 87 88 89 90 90 89 90 90 91 91 92 93 93 93 93 93 93 93 93 93 92 91 91 91 91 92 92 92 93 92 92 91 90 89 88 88 88 88 89 91 92 92 92 92 92 91 90 90
79 79 79 80 80 80 80 80 81 81 82 82 82 82 82 83 81 81 85 87 88 89 89 89 89 90 90 90 90 91 91 91 91 91 91 90 90 89 87 86 84 84 85 85 88 89 90 89 88 89 90 91 91 91 91 91 91 92 92 93 93 93 93 94 94 94 93 92 91 90 89 89 88 89 90 91 92 92 92 91 90 90 89 88 88 88 90 91 92 92 92 92 92 90 89 87
79 79 79 80 80 80 80 80 81 82 82 82 83 83 83 83 82 82 84 87 88 89 89 89 89 90 90 90 91 91 91 91 91 91 91 91 90 89 88 86 84 85 85 86 88 90 90 90 89 90 91 91 92 92 92 92 92 92 93 93 93 93 94 94 94 94 93 92 91 90 89 87 87 87 87 88 89 91 91 91 91 90 89 89 89 89 91 91 92 92 92 92 91 90 88 86
79 79 79 80 80 80 80 80 81 82 83 83 83 83 83 84 83 82 84 87 89 89 89 89 89 89 90 90 91 91 91 91 91 91 91 91 90 89 88 86 85 85 86 87 88 89 91 91 91 91 91 92 92 92 92 92 92 92 92 93 93 93 94 94 94 94 93 93 92 91 89 88 87 86 85 85 86 88 90 91 91 91 90 89 89 89 90 91 91 91 91 91 89 87 86 83
79 79 79 80 80 80 80 81 81 82 83 83 83 83 84 84 84 82 84 87 88 89 89 89 89 89 89 90 91 91 91 91 91 91 90 90 89 89 87 85 85 86 87 87 88 89 91 91 91 91 91 92 92 92 92 92 92 92 92 92 92 93 94 94 94 94 94 93 92 91 90 89 88 87 86 84 81 84 87 90 91 91 90 89 88 88 89 90 90 90 89 87 85 83 81 80
79 79 79 79 80 80 80 81 81 82 83 84 84 84 84 84 84 83 83 86 87 88 88 88 88 88 89 89 90 91 91 91 91 90 90 89 88 87 85 85 86 87 87 88 89 90 90 91 91 92 92 92 92 92 92 92 92 92 92 92 92 92 94 94 94 94 94 93 93 92 91 91 90 88 87 86 83 79 82 86 89 90 89 87 86 86 87 87 87 86 84 82 81 78 77 76
79 79 79 79 80 80 80 80 81 82 82 83 84 84 84 84 84 83 83 85 86 87 87 87 88 88 88 89 90 91 91 91 90 90 89 88 86 85 85 86 86 87 88 89 89 90 90 91 91 92 92 92 91 91 91 91 91 91 91 91 91 91 92 93 93 93 93 93 93 93 92 92 91 89 88 87 86 82 77 81 86 86 85 84 83 83 83 83 82 81 79 77 74 75 76 78
79 79 79 79 79 80 80 80 81 81 82 83 84 84 85 85 85 84 83 84 86 87 87 87 87 87 88 88 89 90 90 90 89 89 88 86 85 86 86 87 87 88 89 90 90 91 91 91 92 92 92 92 91 91 90 90 90 90 90 90 90 90 90 91 91 91 92 92 92 92 92 92 91 90 88 87 86 83 78 74 80 81 79 78 78 77 77 76 76 75 73 74 78 81 82 85
79 79 79 79 79 79 79 80 80 81 81 83 84 85 85 86 85 84 84 85 86 86 87 87 87 87 88 88 89 90 90 90 89 88 87 86 86 87 88 88 88 89 90 90 91 91 91 91 92 92 92 91 91 90 90 90 90 90 89 88 89 88 88 89 89 89 90 90 90 91 92 91 91 89 87 85 83 81 78 74 74 75 73 72 72 71 70 71 71 73 74 79 85 87 84 86
79 79 79 79 79 79 79 79 80 80 81 83 84 85 86 86 86 85 85 85 86 86 87 87 87 88 88 89 89 89 90 89 89 88 87 87 88 89 89 89 89 90 90 91 91 91 92 92 92 92 91 91 90 90 90 90 89 89 89 88 88 87 86 87 87 87 88 89 89 89 91 91 90 88 86 83 80 79 77 72 70 70 68 68 72 74 75 76 77 79 78 83 88 89 87 88
78 78 78 78 79 79 79 79 79 80 81 83 84 85 86 86 86 86 86 86 86 87 87 88 88 88 89 89 89 89 89 89 88 88 88 88 89 90 90 90 90 90 91 91 92 92 92 92 91 91 91 90 90 89 89 89 89 89 89 89 88 87 85 84 84 85 87 88 89 89 89 90 89 87 84 81 78 77 75 72 69 67 66 72 78 81 82 83 83 84 84 86 89 90 89 90
77 77 77 78 78 79 79 79 80 80 81 84 85 86 86 87 87 86 86 86 87 87 88 88 89 89 89 89 89 89 89 89 89 88 89 90 91 91 91 91 91 91 91 91 92 92 92 91 91 90 90 89 89 89 89 89 89 89 89 89 88 88 86 83 82 83 85 87 88 89 89 88 88 86 83 80 76 74 73 71 68 65 69 80 86 87 88 88 88 88 88 89 90 91 91 92
73 75 75 77 78 79 80 80 81 81 83 84 86 87 87 88 87 87 87 87 87 88 88 89 90 90 91 91 90 90 89 89 89 89 90 91 91 91 91 91 91 91 91 91 92 92 91 91 90 90 89 89 88 88 88 89 89 89 89 89 88 88 86 82 80 83 86 87 88 89 88 87 86 83 81 78 75 72 71 69 66 66 77 87 90 90 91 91 91 91 92 91 92 93 93 93
73 74 75 77 79 80 80 80 83 84 85 86 87 88 88 88 88 88 88 88 88 88 89 89 90 91 91 91 91 90 90 90 90 90 90 91 91 91 91 91 91 91 91 92 92 91 91 90 90 89 88 88 88 88 88 89 89 89 89 88 88 88 86 83 80 84 86 88 88 88 88 87 84 81 79 77 74 71 68 67 65 69 82 89 90 91 91 91 91 92 94 93 93 94 94 94
74 74 75 78 79 81 81 82 84 85 86 87 88 89 89 89 88 88 88 88 89 89 90 90 91 91 91 92 91 91 90 90 90 90 90 91 91 91 91 91 91 91 92 92 92 91 91 90 90 89 88 87 88 88 88 88 89 89 89 88 88 87 85 82 80 85 87 88 89 88 87 86 81 78 76 74 71 69 66 65 65 74 84 88 90 90 90 90 91 92 93 94 94 94 94 95
76 76 76 78 80 81 82 83 85 86 87 88 88 89 89 89 89 89 89 89 90 90 90 91 91 91 91 92 91 91 91 91 91 91 91 91 91 91 91 91 91 91 92 92 92 91 91 91 90 90 89 88 88 88 88 89 89 89 89 88 86 85 84 80 80 85 88 89 89 88 86 83 80 77 74 71 68 67 65 65 68 79 84 87 89 89 90 90 90 91 93 94 94 95 95 95
78 77 77 78 81 82 83 84 85 86 87 88 89 89 89 89 89 89 89 90 91 91 91 91 91 91 91 91 91 91 91 91 91 91 91 91 91 91 91 91 91 91 91 92 92 91 91 91 91 90 89 88 86 88 89 89 89 89 89 88 85 83 81 77 80 84 88 89 88 87 85 81 78 76 72 68 65 64 64 67 76 83 85 87 88 88 89 89 90 91 92 94 95 95 95 95
79 78 78 79 81 82 84 85 87 88 88 88 88 89 89 89 89 90 90 91 91 91 91 91 91 91 91 91 91 91 91 91 91 91 91 91 91 91 91 91 91 91 91 91 91 91 91 91 90 90 89 88 85 87 89 89 89 89 88 87 85 80 77 76 78 82 87 88 87 86 83 79 76 73 69 65 63 63 68 76 84 86 86 86 87 87 88 89 91 92 93 94 95 95 96 96
